000688 科创50 日线 前复权
      日期	    开盘	    最高	    最低	    收盘	    成交量	    成交额
20191231,1000.00,1000.00,1000.00,1000.00,1516205,6818057216.00
20200102,1005.62,1019.91,1005.62,1019.72,2193853,9315104768.00
20200103,1021.67,1029.07,1018.68,1024.48,2160583,9677367296.00
20200106,1020.00,1040.14,1020.00,1027.28,2663012,11978945536.00
20200107,1025.66,1043.08,1019.86,1043.08,2675922,11953768448.00
20200108,1035.84,1059.44,1034.51,1051.16,3207627,13506584576.00
20200109,1060.58,1081.40,1060.58,1078.31,2843421,12913099776.00
20200110,1082.31,1088.54,1076.44,1076.44,2515475,10766676992.00
20200113,1076.76,1105.85,1069.78,1105.85,2466259,11640010752.00
20200114,1107.78,1133.90,1107.78,1118.31,3262464,15303201792.00
20200115,1113.25,1120.35,1105.58,1114.77,2420464,11554276352.00
20200116,1116.51,1161.48,1116.51,1154.30,3085288,16115816448.00
20200117,1159.37,1252.56,1159.37,1238.66,5873597,26076157952.00
20200120,1239.44,1270.36,1208.69,1240.51,5202592,25890091008.00
20200121,1233.65,1247.84,1194.80,1195.01,4206789,20822898688.00
20200122,1178.78,1247.61,1157.29,1244.52,4794740,23124807680.00
20200123,1219.23,1262.44,1177.09,1202.10,4425934,23901231104.00
20200203,1018.28,1082.79,1015.60,1030.55,5466543,22392219648.00
20200204,1049.96,1153.23,1049.96,1153.23,5286206,25214023680.00
20200205,1166.97,1240.37,1166.97,1203.61,5860213,31235309568.00
20200206,1191.73,1251.84,1191.73,1238.76,5589982,28886970368.00
20200207,1240.04,1307.76,1234.23,1307.76,5664785,32385771520.00
20200210,1310.53,1336.53,1293.43,1322.25,5932907,30052306944.00
20200211,1318.42,1318.42,1266.21,1283.57,5037531,26632124416.00
20200212,1274.80,1360.55,1274.80,1348.70,4763906,27605196800.00
20200213,1360.13,1409.68,1353.04,1360.71,6144055,35045998592.00
20200214,1359.37,1382.96,1305.97,1327.22,5310166,30495954944.00
20200217,1332.97,1381.55,1332.97,1381.55,4969889,27951677440.00
20200218,1381.58,1404.71,1372.53,1399.38,4905609,31443906560.00
20200219,1398.78,1412.17,1373.44,1373.44,4783190,29390753792.00
20200220,1377.76,1390.02,1321.73,1348.34,4222266,25495525376.00
20200221,1337.56,1373.67,1337.56,1346.86,4475455,32799336448.00
20200224,1341.99,1359.23,1328.75,1351.71,4199988,27239430144.00
20200225,1312.48,1371.58,1312.48,1367.37,4611599,29202485248.00
20200226,1348.08,1361.01,1286.35,1288.24,5015814,28837576704.00
20200227,1293.19,1293.19,1251.45,1264.94,5032823,28442351616.00
20200228,1206.86,1231.09,1187.10,1191.05,5132084,27546300416.00
20200302,1202.96,1259.08,1194.94,1252.62,4979736,24240041984.00
20200303,1278.27,1332.84,1272.06,1285.03,5122939,27537029120.00
20200304,1268.83,1277.69,1226.80,1255.72,3819524,21539762176.00
20200305,1277.71,1277.71,1246.71,1264.79,4312616,20746223616.00
20200306,1246.10,1255.07,1237.62,1243.37,3261213,16884830208.00
20200309,1216.04,1223.25,1171.86,1171.86,3872703,18877583360.00
20200310,1148.40,1216.33,1135.21,1216.33,4064920,20635332608.00
20200311,1218.52,1233.43,1184.71,1184.71,4248509,18151329792.00
20200312,1161.92,1177.36,1151.79,1167.06,2805384,13230717952.00
20200313,1103.96,1187.70,1103.96,1175.28,3383310,17857157120.00
20200316,1188.08,1200.46,1115.08,1115.08,3181187,16930302976.00
20200317,1132.95,1141.39,1079.84,1131.55,2972678,15475001344.00
20200318,1145.30,1173.23,1115.02,1115.02,2999560,15906592768.00
20200319,1116.26,1133.69,1091.24,1128.97,2785032,14456419328.00
20200320,1140.09,1148.09,1114.29,1127.37,2355961,13145479168.00
20200323,1092.50,1096.40,1037.53,1039.88,2830474,13991481344.00
20200324,1067.01,1071.34,1020.25,1060.84,2368342,12167972864.00
20200325,1097.31,1110.10,1094.16,1101.32,2496326,12434802688.00
20200326,1093.33,1111.48,1091.00,1095.34,2113779,10986345472.00
20200327,1109.54,1110.54,1082.93,1084.51,2292013,10640809984.00
20200330,1062.90,1062.90,1021.50,1035.83,2260876,11065143296.00
20200331,1048.74,1055.27,1027.22,1029.75,1703672,8725613568.00
20200401,1026.58,1060.71,1026.58,1037.93,1750561,8830289920.00
20200402,1033.56,1094.83,1033.56,1094.83,2093097,11138761728.00
20200403,1089.24,1095.31,1074.19,1080.53,1814410,9302558720.00
20200407,1109.61,1117.79,1108.78,1111.65,1986227,9755513856.00
20200408,1104.96,1117.81,1100.31,1104.14,1707433,8423084544.00
20200409,1107.47,1110.06,1094.92,1101.28,2031735,9585174528.00
20200410,1100.37,1100.37,1054.35,1058.44,2271445,10912793600.00
20200413,1048.21,1052.01,1038.82,1042.15,1519103,7140800512.00
20200414,1049.21,1073.22,1049.21,1073.22,1430020,6939273728.00
20200415,1076.94,1101.67,1076.94,1088.20,1662279,9010288640.00
20200416,1080.87,1097.20,1080.87,1091.93,1784417,8710349824.00
20200417,1102.66,1129.12,1102.66,1117.07,2585719,12159868928.00
20200420,1119.26,1133.36,1115.72,1133.36,5014214,11803076608.00
20200421,1127.66,1127.66,1108.48,1119.23,3842314,10679236608.00
20200422,1108.68,1135.85,1108.68,1135.85,3821580,11812376576.00
20200423,1140.80,1157.87,1140.55,1149.72,4052550,14290717696.00
20200424,1148.59,1155.54,1139.31,1144.15,3590075,13544463360.00
20200427,1140.19,1145.75,1136.23,1138.10,3145269,13554399232.00
20200428,1130.61,1130.61,1037.26,1113.51,4609236,17843965952.00
20200429,1105.60,1125.19,1102.57,1102.70,3100418,12309269504.00
20200430,1107.43,1171.80,1107.43,1166.35,4087211,17154966528.00
20200506,1155.12,1252.75,1155.12,1247.51,5630940,24199155712.00
20200507,1249.64,1249.64,1218.24,1224.10,5422596,22549913600.00
20200508,1230.91,1272.62,1230.91,1240.25,4659407,21029283840.00
20200511,1244.30,1268.08,1215.97,1226.06,4125490,19265722368.00
20200512,1222.39,1233.64,1203.15,1233.59,3822614,17346775040.00
20200513,1227.72,1252.58,1227.72,1247.03,4068999,18802534400.00
20200514,1241.84,1258.25,1238.23,1242.17,4678296,20564430848.00
20200515,1244.74,1280.05,1244.74,1270.48,4315540,21383972864.00
20200518,1279.29,1279.29,1253.33,1254.30,5082221,26658566144.00
20200519,1260.22,1324.42,1260.22,1324.42,4807584,25379364864.00
20200520,1317.40,1348.58,1297.67,1307.00,5623681,28703401984.00
20200521,1305.91,1309.50,1251.52,1251.93,4949058,24672708608.00
20200522,1247.60,1258.31,1208.82,1230.66,4240917,20607686656.00
20200525,1223.87,1227.56,1205.73,1212.09,3390682,16447331328.00
20200526,1217.62,1272.92,1217.62,1272.66,4465922,20624875520.00
20200527,1271.46,1281.21,1251.08,1253.27,4571550,21537386496.00
20200528,1251.06,1256.22,1206.62,1232.22,4239302,21204277248.00
20200529,1227.20,1267.43,1227.20,1246.11,4498588,22356905984.00
20200601,1257.97,1309.96,1257.97,1300.74,5072011,26138800128.00
20200602,1305.80,1312.52,1294.22,1305.64,4847518,26330462208.00
20200603,1305.73,1314.14,1293.60,1294.28,4800510,26350276608.00
20200604,1295.16,1306.07,1291.21,1299.80,5499728,26653573120.00
20200605,1300.25,1307.89,1292.05,1297.31,4740083,23969376256.00
20200608,1306.50,1311.68,1277.29,1280.05,4728843,24492201984.00
20200609,1277.45,1278.85,1269.11,1278.51,4279471,21815816192.00
20200610,1278.07,1278.07,1265.11,1269.98,5710625,22717976576.00
20200611,1270.72,1294.34,1265.38,1273.59,5348532,24499761152.00
20200612,1246.80,1268.46,1246.80,1262.29,4809826,22113867776.00
20200615,1262.48,1271.91,1249.58,1249.91,4679292,22955298816.00
20200616,1259.09,1289.13,1259.09,1289.13,5315518,25780402176.00
20200617,1291.04,1299.78,1280.52,1291.12,5459737,26075359232.00
20200618,1289.77,1304.49,1286.47,1302.37,4995969,24188475392.00
20200619,1301.02,1329.20,1301.02,1325.15,4724995,23066337280.00
20200622,1347.94,1380.37,1347.94,1371.21,7112390,33903734784.00
20200623,1365.33,1407.19,1365.33,1407.19,5800882,28882767872.00
20200624,1408.55,1432.99,1406.87,1424.28,6376433,31501428736.00
20200629,1415.91,1415.91,1393.71,1401.64,5241555,25493641216.00
20200630,1410.58,1454.31,1410.58,1447.89,5533660,28948822016.00
20200701,1453.25,1459.77,1417.60,1439.88,6278614,33221523456.00
20200702,1439.01,1452.75,1424.15,1437.05,5994840,32374847488.00
20200703,1435.08,1441.09,1408.08,1438.59,6024870,31709384704.00
20200706,1445.61,1547.14,1444.69,1538.40,9449415,46127038464.00
20200707,1550.30,1617.60,1550.30,1572.19,10320028,55697522688.00
20200708,1572.78,1608.19,1555.31,1599.91,7913152,45006798848.00
20200709,1596.98,1681.91,1594.26,1666.85,9680794,57622343680.00
20200710,1653.50,1682.62,1633.18,1654.83,7818090,50611871744.00
20200713,1647.18,1721.98,1640.98,1721.98,8097678,52812435456.00
20200714,1714.87,1726.19,1647.64,1701.58,9448435,62020288512.00
20200715,1702.58,1707.63,1611.91,1612.03,10008757,68051034112.00
20200716,1606.44,1612.33,1460.64,1469.80,13819920,97427955712.00
20200717,1475.46,1495.91,1425.64,1443.40,8965056,56025845760.00
20200720,1459.78,1463.71,1388.28,1459.03,9053350,57905389568.00
20200721,1456.49,1499.85,1454.59,1490.17,7598157,49947394048.00
20200722,1474.02,1519.12,1468.11,1497.23,9910811,64406298624.00
20200723,1487.20,1512.47,1459.73,1494.14,8947755,57698590720.00
20200724,1467.10,1474.46,1389.31,1389.31,10254387,58754658304.00
20200727,1396.49,1403.11,1361.98,1374.52,6206763,38244655104.00
20200728,1385.79,1404.90,1383.28,1400.54,5444707,33909663744.00
20200729,1400.92,1476.92,1395.97,1476.92,7326990,48468193280.00
20200730,1484.43,1496.27,1467.80,1472.79,7402878,50620080128.00
20200731,1469.10,1513.76,1467.78,1512.98,8554323,59272294400.00
20200803,1533.23,1622.81,1533.23,1622.81,9665389,66759438336.00
20200804,1620.79,1628.14,1555.90,1566.06,7827533,55106588672.00
20200805,1592.39,1597.47,1556.68,1588.62,7167247,51790274560.00
20200806,1582.47,1589.75,1552.54,1573.87,6986209,50466275328.00
20200807,1561.86,1568.56,1492.25,1526.80,7357510,50034094080.00
20200810,1520.10,1555.68,1507.27,1535.60,6018437,43695169536.00
20200811,1531.60,1539.84,1490.84,1491.84,5771384,38932762624.00
20200812,1485.56,1488.88,1422.73,1458.64,6336105,42597007360.00
20200813,1465.60,1482.63,1453.38,1468.23,4944971,37719203840.00
20200814,1466.80,1486.40,1453.74,1484.04,4313049,29906442240.00
20200817,1486.81,1501.25,1471.92,1496.40,7506811,38489792512.00
20200818,1496.42,1512.76,1492.96,1512.51,7946743,45462335488.00
20200819,1516.98,1517.89,1470.34,1472.02,8016528,42729476096.00
20200820,1460.03,1473.05,1438.46,1442.58,6154748,32206407680.00
20200821,1447.80,1467.98,1443.52,1447.71,5215102,27691331584.00
20200824,1453.49,1457.58,1421.89,1450.67,5606668,29855211520.00
20200825,1449.54,1462.90,1424.42,1427.70,5269909,28269377536.00
20200826,1422.00,1430.79,1377.21,1383.31,6544953,35154034688.00
20200827,1389.94,1429.96,1380.13,1417.56,6056520,32528230400.00
20200828,1415.65,1416.82,1393.85,1413.64,5652897,34076317696.00
20200831,1417.66,1441.46,1417.66,1423.24,5475692,31463772160.00
20200901,1424.43,1435.65,1419.60,1426.65,4431871,24755292160.00
20200902,1430.87,1434.92,1411.84,1422.95,4919830,28487958528.00
20200903,1422.42,1423.89,1396.11,1402.14,5304861,31018072064.00
20200904,1377.39,1396.00,1371.16,1390.28,4909810,29608112128.00
20200907,1387.49,1394.90,1349.77,1356.70,6207608,36867637248.00
20200908,1356.82,1363.28,1328.92,1344.61,4448545,26848112640.00
20200909,1331.43,1332.07,1289.35,1298.08,6252185,29373071360.00
20200910,1309.32,1321.06,1276.50,1280.19,4750599,23353059328.00
20200911,1279.84,1313.85,1272.84,1312.51,4036201,20366235648.00
20200914,1334.98,1372.83,1334.98,1348.07,4373248,24507234304.00
20200915,1348.79,1372.44,1334.82,1364.60,4109504,22576949248.00
20200916,1363.32,1364.42,1341.68,1349.67,4133686,20704595968.00
20200917,1347.45,1393.85,1335.03,1383.59,8406254,36518776832.00
20200918,1386.38,1403.92,1379.92,1403.90,6376210,30212126720.00
20200921,1407.07,1411.50,1390.90,1397.75,5173416,27612911616.00
20200922,1389.78,1403.26,1379.01,1390.09,5571567,27299776512.00
20200923,1401.37,1440.64,1400.28,1423.90,6208908,30743660544.00
20200924,1412.16,1416.38,1392.01,1394.93,5031487,24940740608.00
20200925,1399.39,1402.68,1360.55,1364.02,3824131,19971287040.00
20200928,1367.46,1369.04,1335.99,1338.95,4523227,22568497152.00
20200929,1345.99,1403.43,1345.99,1389.96,4293616,21227415552.00
20200930,1394.86,1431.88,1393.91,1418.80,3985063,20256329728.00
20201009,1446.52,1467.98,1446.52,1465.96,4921015,24754720768.00
20201012,1475.26,1491.61,1469.65,1490.58,6598166,35293724672.00
20201013,1491.85,1498.83,1485.13,1497.60,5095454,27840585728.00
20201014,1495.34,1498.00,1481.12,1488.67,4673418,25563811840.00
20201015,1489.38,1493.00,1451.88,1453.79,4520312,26861930496.00
20201016,1457.15,1461.83,1429.08,1438.53,3777447,22630828032.00
20201019,1444.84,1446.49,1411.27,1412.15,4009461,25584666624.00
20201020,1413.87,1428.08,1402.71,1426.18,3879556,22134583296.00
20201021,1427.24,1429.45,1396.12,1396.98,3849928,23104114688.00
20201022,1395.13,1395.13,1373.51,1376.58,3329097,21553842176.00
20201023,1380.37,1389.52,1336.37,1336.53,3775379,23887906816.00
20201026,1332.68,1364.97,1313.45,1356.11,3074009,18436474880.00
20201027,1359.18,1386.80,1354.81,1385.75,3147773,19204476928.00
20201028,1396.56,1413.66,1392.07,1406.07,4166346,24310315008.00
20201029,1394.28,1418.41,1387.38,1412.06,4612046,26794455040.00
20201030,1413.51,1430.12,1393.91,1393.91,6123725,35304501248.00
20201102,1402.08,1406.94,1370.90,1400.91,5250701,28983971840.00
20201103,1403.64,1451.63,1402.26,1449.01,5020761,28680493056.00
20201104,1454.73,1462.67,1443.42,1458.90,4180001,24098062336.00
20201105,1477.61,1479.47,1453.72,1475.38,4796505,27364524032.00
20201106,1477.53,1477.53,1429.12,1441.47,4453441,26228602880.00
20201109,1446.47,1491.52,1442.62,1485.15,7796951,45618786304.00
20201110,1483.66,1483.66,1438.59,1441.97,5811330,33881579520.00
20201111,1440.78,1441.00,1393.73,1395.51,5615446,32561809408.00
20201112,1404.81,1421.74,1404.57,1413.29,4220596,23261593600.00
20201113,1406.69,1441.01,1401.46,1436.89,4160211,23627753472.00
20201116,1520.27,1520.27,1444.39,1446.95,4716782,26215784448.00
20201117,1455.23,1455.23,1425.26,1430.81,4858681,26785769472.00
20201118,1431.66,1441.22,1418.36,1419.23,5021121,26304108544.00
20201119,1415.64,1436.49,1408.22,1435.92,4496034,22954188800.00
20201120,1433.95,1442.31,1427.31,1430.72,4702930,23421296640.00
20201123,1429.39,1429.39,1412.02,1418.10,4743939,25854986240.00
20201124,1412.02,1420.34,1409.40,1412.75,4864347,27536384000.00
20201125,1414.19,1414.51,1387.56,1388.36,4652580,26488928256.00
20201126,1386.21,1398.57,1380.13,1385.31,3800503,21603493888.00
20201127,1386.65,1398.14,1380.64,1387.77,3723177,20984496128.00
20201130,1392.95,1397.01,1380.22,1385.48,4183574,25008644096.00
20201201,1386.58,1408.04,1381.96,1404.24,3731742,22256175104.00
20201202,1408.67,1419.11,1403.73,1408.49,5738486,30701965312.00
20201203,1410.44,1418.12,1398.10,1410.83,4585012,24754049024.00
20201204,1409.59,1410.93,1401.53,1404.87,4178597,23365429248.00
20201207,1410.50,1417.78,1403.42,1406.19,4758978,27388968960.00
20201208,1405.72,1408.79,1397.55,1398.73,4279576,24149350400.00
20201209,1400.57,1404.23,1364.20,1365.04,4783357,25875931136.00
20201210,1363.00,1370.83,1355.88,1360.18,5043398,29641889792.00
20201211,1362.34,1365.43,1345.32,1362.96,6665413,36417146880.00
20201214,1361.61,1380.05,1353.90,1375.06,4584335,26012354560.00
20201215,1373.96,1379.77,1357.36,1363.18,4713483,27105427456.00
20201216,1357.22,1357.22,1339.96,1345.13,5560614,33603799040.00
20201217,1343.28,1364.88,1339.90,1363.36,4798301,28146397184.00
20201218,1381.48,1381.48,1357.77,1361.11,4663221,26611980288.00
20201221,1359.69,1390.59,1355.93,1388.67,5212184,30648979456.00
20201222,1383.29,1390.99,1355.97,1358.62,5162246,30438971392.00
20201223,1359.73,1378.61,1355.25,1376.60,5196093,29462095872.00
20201224,1378.38,1384.31,1347.80,1348.01,5764382,30082832384.00
20201225,1348.47,1357.65,1340.79,1349.79,4981681,26650843136.00
20201228,1345.30,1349.35,1335.25,1339.01,5208984,28804866048.00
20201229,1338.24,1353.06,1336.09,1337.47,4819255,25857884160.00
20201230,1336.72,1367.76,1335.21,1362.91,5200486,32904165376.00
20201231,1370.44,1394.74,1368.47,1393.03,5460861,36316901376.00
20210104,1398.96,1425.70,1389.59,1422.12,5855451,39021080576.00
20210105,1413.18,1427.12,1409.54,1425.16,6097512,38510325760.00
20210106,1430.07,1434.19,1408.06,1415.02,6071455,36142764032.00
20210107,1414.90,1417.43,1370.19,1381.94,6633573,41545662464.00
20210108,1382.15,1385.12,1366.18,1378.74,5424099,35318628352.00
20210111,1385.35,1407.91,1378.12,1390.66,5762420,37307166720.00
20210112,1389.47,1408.42,1379.80,1405.22,4511353,29205336064.00
20210113,1412.07,1416.66,1389.77,1407.41,5709620,33967491072.00
20210114,1406.05,1478.75,1399.56,1447.27,7542993,40687824896.00
20210115,1450.86,1465.69,1431.45,1447.58,6054884,36295712768.00
20210118,1443.82,1496.37,1437.02,1481.25,6290347,40072200192.00
20210119,1485.46,1489.22,1441.62,1443.92,5731520,36172566528.00
20210120,1450.72,1482.11,1444.74,1481.45,4920432,31745828864.00
20210121,1485.65,1492.95,1465.89,1482.28,5260490,33695348736.00
20210122,1482.65,1487.61,1456.02,1486.31,5801637,40773615616.00
20210125,1481.74,1513.73,1471.18,1498.60,6035836,42910105600.00
20210126,1498.00,1509.41,1471.31,1478.45,4841190,34015119360.00
20210127,1481.49,1489.76,1441.18,1458.37,4527917,30381285376.00
20210128,1441.40,1461.84,1418.94,1421.59,4281555,28182120448.00
20210129,1435.28,1440.25,1400.67,1421.96,4920399,30162851840.00
20210201,1419.18,1439.04,1412.16,1421.48,4623272,28612524032.00
20210202,1419.71,1438.09,1414.36,1438.06,4469188,27327223808.00
20210203,1436.00,1443.98,1410.15,1410.15,5084930,30152505344.00
20210204,1402.09,1412.71,1367.71,1394.10,4842044,27993704448.00
20210205,1396.12,1407.32,1368.65,1368.80,4227634,26311161856.00
20210208,1371.75,1395.14,1367.33,1382.48,3771755,23679082496.00
20210209,1389.07,1434.87,1383.86,1427.68,3905478,25790978048.00
20210210,1424.77,1440.21,1407.64,1437.02,4082148,27639422976.00
20210218,1457.80,1465.68,1429.09,1429.74,4797954,31047946240.00
20210219,1426.10,1430.72,1404.15,1427.91,4339918,26403207168.00
20210222,1431.56,1436.80,1388.52,1389.92,5450826,31366684672.00
20210223,1371.63,1401.51,1370.91,1390.53,4358750,25718345728.00
20210224,1393.72,1398.33,1358.41,1365.64,4513936,27847237632.00
20210225,1373.84,1375.61,1349.71,1349.71,4900397,25511458816.00
20210226,1319.89,1344.15,1319.65,1325.59,4743338,27756646400.00
20210301,1339.99,1359.72,1337.19,1358.14,4967721,27942860800.00
20210302,1373.03,1373.66,1342.90,1352.04,5245032,28183824384.00
20210303,1350.01,1359.79,1340.32,1359.40,4491709,28112310272.00
20210304,1358.28,1362.99,1322.34,1324.16,5243798,29925857280.00
20210305,1307.06,1338.83,1305.92,1329.84,3836834,23076216832.00
20210308,1337.02,1340.42,1275.46,1275.46,4922588,28984739840.00
20210309,1275.32,1278.32,1227.18,1230.14,5040233,26492250112.00
20210310,1251.18,1258.88,1227.42,1232.74,3711132,19600521216.00
20210311,1241.10,1273.96,1227.33,1267.30,3855338,25001091072.00
20210312,1268.44,1269.21,1251.20,1261.32,3716221,22424516608.00
20210315,1254.68,1254.68,1213.43,1223.39,3478461,20858497024.00
20210316,1223.80,1231.99,1212.34,1220.37,3304112,17683261440.00
20210317,1220.45,1237.91,1213.35,1236.54,3172300,16850207744.00
20210318,1241.56,1251.56,1237.62,1241.31,3572963,17983649792.00
20210319,1226.41,1242.13,1221.42,1231.29,3970796,19373367296.00
20210322,1229.47,1247.49,1227.84,1242.76,3570030,17705670656.00
20210323,1246.36,1257.38,1232.26,1236.47,4327683,19244189696.00
20210324,1228.61,1244.45,1219.51,1221.45,3866384,18395084800.00
20210325,1212.83,1231.96,1212.38,1219.71,3365032,17372561408.00
20210326,1224.64,1258.16,1224.64,1256.66,3534232,18385481728.00
20210329,1262.29,1263.44,1248.33,1250.77,3478752,18109327360.00
20210330,1250.28,1259.28,1245.01,1248.34,3490176,18175299584.00
20210331,1248.16,1253.79,1236.26,1248.33,3552431,17697794048.00
20210401,1251.00,1269.88,1248.96,1266.75,4255372,21356111872.00
20210402,1276.03,1302.62,1274.38,1299.92,5421746,27831420928.00
20210406,1304.64,1309.95,1291.92,1296.62,4364205,21112141824.00
20210407,1296.82,1300.77,1283.16,1298.78,4135531,21052827648.00
20210408,1293.64,1305.43,1287.01,1291.86,4764705,23521509376.00
20210409,1290.31,1296.86,1269.92,1271.44,4141692,21190639616.00
20210412,1269.02,1280.08,1240.44,1243.50,4406542,21808873472.00
20210413,1242.76,1259.04,1239.46,1241.40,3849525,18215073792.00
20210414,1243.24,1258.17,1243.24,1254.71,3526558,18282043392.00
20210415,1250.36,1266.58,1245.18,1264.16,3525387,18377244672.00
20210416,1265.15,1279.29,1255.84,1274.70,4652616,22040895488.00
20210419,1273.08,1300.54,1268.99,1299.01,6874662,29702852608.00
20210420,1295.61,1304.76,1290.02,1290.50,6992433,32150302720.00
20210421,1285.31,1291.53,1275.61,1286.86,5194641,26179862528.00
20210422,1288.58,1308.34,1288.58,1305.18,4982010,27191379968.00
20210423,1303.29,1318.30,1300.10,1311.83,4761955,26846068736.00
20210426,1315.51,1335.47,1313.06,1314.91,6231161,37525803008.00
20210427,1310.66,1316.20,1297.27,1311.91,5052354,28414527488.00
20210428,1318.55,1326.01,1304.33,1324.24,5728293,33119088640.00
20210429,1320.89,1337.85,1312.94,1324.05,5513658,31421906944.00
20210430,1319.01,1327.37,1313.83,1322.24,6061533,34987167744.00
20210506,1321.21,1322.68,1298.91,1310.13,4730640,29484875776.00
20210507,1311.66,1315.75,1263.69,1263.90,4847937,27879512064.00
20210510,1262.48,1265.80,1249.49,1254.49,4379785,24427798528.00
20210511,1243.81,1260.82,1240.20,1258.11,4367330,22551894016.00
20210512,1254.74,1273.69,1251.81,1270.91,4739303,24180662272.00
20210513,1257.87,1287.92,1257.87,1275.48,5027245,24950591488.00
20210514,1277.97,1301.37,1273.96,1300.54,5060970,26604847104.00
20210517,1303.08,1338.29,1301.06,1328.92,5946864,33438068736.00
20210518,1330.47,1332.32,1316.38,1321.64,5422690,28134250496.00
20210519,1320.68,1335.25,1318.16,1326.14,7668543,30292582400.00
20210520,1322.05,1339.97,1321.04,1329.79,6869658,31439267840.00
20210521,1334.60,1341.28,1314.40,1315.21,6261344,29856622592.00
20210524,1314.79,1333.42,1304.64,1330.87,5612988,28963844096.00
20210525,1329.68,1371.59,1329.68,1370.12,6243466,33248471040.00
20210526,1371.78,1375.81,1360.59,1364.04,6150436,31014348800.00
20210527,1362.95,1400.38,1361.01,1397.77,8323018,39612624896.00
20210528,1395.43,1414.61,1381.45,1386.04,21565099,44217151488.00
20210531,1398.19,1442.67,1398.19,1442.67,16376296,47689306112.00
20210601,1437.32,1467.94,1432.97,1460.54,15904982,52542496768.00
20210602,1461.74,1465.16,1423.45,1426.85,14395871,51265798144.00
20210603,1425.80,1438.64,1410.12,1414.53,11441596,41140113408.00
20210604,1406.31,1445.14,1405.51,1431.52,10000221,38867525632.00
20210607,1443.86,1451.39,1425.11,1433.57,10420182,42593185792.00
20210608,1443.74,1446.38,1411.23,1419.08,9490826,44630368256.00
20210609,1420.31,1442.16,1417.77,1427.32,8264218,38843314176.00
20210610,1427.87,1455.83,1426.49,1450.40,10102674,44182355968.00
20210611,1453.60,1455.66,1433.06,1436.28,10683273,50396680192.00
20210615,1442.09,1467.47,1435.05,1448.20,10071064,45159092224.00
20210616,1452.95,1454.92,1404.69,1406.47,8539387,40793260032.00
20210617,1409.05,1477.05,1409.05,1473.51,11908654,50681774080.00
20210618,1475.21,1499.82,1474.68,1494.70,10061074,49393831936.00
20210621,1485.66,1529.28,1482.49,1528.13,10219505,51327328256.00
20210622,1531.52,1534.43,1506.31,1523.36,19707938,52742258688.00
20210623,1530.64,1551.92,1516.69,1534.30,16034833,60476809216.00
20210624,1531.24,1537.58,1496.94,1504.81,14070093,52396249088.00
20210625,1505.29,1536.50,1502.89,1534.85,10854452,50140700672.00
20210628,1538.02,1579.22,1536.71,1562.98,10952572,55064924160.00
20210629,1567.88,1576.87,1546.68,1562.08,10390392,51286650880.00
20210630,1564.32,1603.35,1558.96,1588.22,11534991,61925900288.00
20210701,1587.53,1594.11,1569.90,1579.80,10411769,59093843968.00
20210702,1563.83,1564.88,1527.20,1538.16,9514212,56474886144.00
20210705,1545.68,1581.07,1545.68,1575.89,9806062,59017052160.00
20210706,1580.28,1584.69,1510.71,1532.79,11070754,64604987392.00
20210707,1523.83,1573.15,1519.41,1570.03,10339861,56581070848.00
20210708,1577.50,1616.70,1577.41,1610.77,11734788,66145755136.00
20210709,1598.28,1602.00,1556.58,1583.71,10147818,56891994112.00
20210712,1593.57,1611.60,1576.72,1601.61,10538463,61743099904.00
20210713,1602.12,1621.71,1573.78,1590.98,11111536,59109875712.00
20210714,1579.03,1585.60,1556.69,1556.72,9198546,49704058880.00
20210715,1549.28,1567.27,1536.90,1560.70,9376894,50086694912.00
20210716,1568.17,1569.25,1523.64,1525.23,9509712,51914555392.00
20210719,1514.83,1530.59,1503.11,1514.18,8526475,46666354688.00
20210720,1505.08,1529.27,1501.92,1522.63,7907029,41626660864.00
20210721,1528.60,1576.77,1527.60,1565.64,9164912,53221650432.00
20210722,1570.49,1584.32,1549.45,1582.13,12357063,73695830016.00
20210723,1593.31,1593.70,1548.39,1563.49,11488401,66628546560.00
20210726,1559.84,1566.68,1496.65,1556.98,12628435,73792405504.00
20210727,1556.93,1627.85,1541.36,1545.29,18598248,100863647744.00
20210728,1532.42,1555.25,1476.59,1518.70,13614854,72690827264.00
20210729,1554.13,1598.34,1545.11,1588.47,12811655,75953389568.00
20210730,1582.58,1608.96,1570.45,1591.22,15280930,84057006080.00
20210802,1594.03,1619.36,1572.11,1599.47,15124102,84982611968.00
20210803,1586.35,1593.03,1558.10,1564.19,13659596,80646938624.00
20210804,1566.45,1608.50,1564.46,1605.89,12551651,73505021952.00
20210805,1606.65,1616.05,1584.31,1604.81,12622179,75699986432.00
20210806,1630.30,1639.19,1575.42,1586.67,12602316,75773485056.00
20210809,1567.44,1582.92,1548.69,1574.44,10713509,64946507776.00
20210810,1574.01,1592.83,1569.28,1588.19,11203302,66588106752.00
20210811,1589.43,1593.15,1564.97,1578.79,13221209,66406379520.00
20210812,1572.15,1604.73,1570.35,1586.50,12889128,66518921216.00
20210813,1580.12,1588.23,1549.68,1552.78,12574406,68917960704.00
20210816,1547.39,1566.00,1535.35,1547.93,10953033,65695100928.00
20210817,1544.40,1555.45,1506.72,1509.25,10909613,58317664256.00
20210818,1514.46,1530.24,1501.18,1507.99,10366160,54323879936.00
20210819,1509.72,1553.16,1508.17,1546.11,9872179,56067592192.00
20210820,1537.91,1557.11,1514.07,1529.09,10376035,57383895040.00
20210823,1534.39,1568.84,1524.20,1564.11,11546176,67456761856.00
20210824,1567.70,1586.52,1550.88,1578.03,11717098,69500387328.00
20210825,1573.74,1574.40,1535.09,1542.78,10847549,67461345280.00
20210826,1546.32,1555.04,1494.89,1497.34,10721530,66111393792.00
20210827,1491.34,1506.65,1476.56,1480.31,10400805,58225635328.00
20210830,1487.90,1508.78,1463.40,1471.46,11875582,69044748288.00
20210831,1463.13,1463.56,1423.51,1441.17,10729866,62148288512.00
20210901,1437.26,1438.38,1400.16,1424.66,12748492,62190219264.00
20210902,1416.16,1424.17,1395.51,1399.48,11488714,53149175808.00
20210903,1399.47,1415.24,1382.64,1400.89,11395644,54303637504.00
20210906,1398.24,1441.71,1393.54,1439.00,9785658,50305728512.00
20210907,1435.73,1443.34,1426.03,1438.57,9452685,51064311808.00
20210908,1439.66,1439.66,1408.72,1412.72,9905056,50089988096.00
20210909,1414.07,1425.28,1393.61,1402.19,9410267,46975512576.00
20210910,1398.33,1431.71,1392.21,1426.81,10523019,55580135424.00
20210913,1426.54,1426.76,1384.02,1384.43,9265900,50564743168.00
20210914,1384.28,1414.09,1383.41,1396.67,9748823,51653705728.00
20210915,1395.61,1395.99,1378.95,1384.52,7924336,43589586944.00
20210916,1378.18,1380.16,1347.90,1351.43,9126226,47704416256.00
20210917,1349.34,1360.91,1332.10,1349.68,8729839,45905526784.00
20210922,1338.01,1361.21,1335.50,1355.28,7818997,40621277184.00
20210923,1359.67,1376.57,1354.21,1363.79,7350698,38058799104.00
20210924,1362.98,1390.50,1359.85,1375.00,7169070,39188779008.00
20210927,1386.52,1397.18,1354.20,1368.69,8402437,43661037568.00
20210928,1362.33,1379.59,1350.79,1354.10,5858258,32249890816.00
20210929,1344.89,1356.64,1336.51,1345.77,6903713,35658625024.00
20210930,1348.65,1371.49,1348.65,1368.72,5485896,31771115520.00
20211008,1378.53,1388.02,1361.04,1364.46,5502787,31614687232.00
20211011,1367.21,1377.31,1348.05,1349.77,5145543,31268014080.00
20211012,1348.22,1355.92,1312.44,1319.39,5915764,33115023360.00
20211013,1322.89,1349.17,1322.89,1344.76,5223684,31080566784.00
20211014,1346.99,1356.21,1339.56,1347.27,5616097,30878603264.00
20211015,1349.40,1367.23,1341.75,1363.16,6729274,38052888576.00
20211018,1366.55,1366.55,1338.89,1352.58,6536446,37979668480.00
20211019,1355.07,1369.16,1352.01,1366.79,6254979,35742203904.00
20211020,1370.21,1381.06,1363.65,1373.59,7260010,39490453504.00
20211021,1374.65,1379.19,1355.93,1362.40,6545723,35526156288.00
20211022,1367.06,1379.19,1359.27,1368.14,6723731,37975478272.00
20211025,1366.21,1381.24,1359.63,1380.31,7034967,42113126400.00
20211026,1379.79,1389.48,1372.66,1376.13,7720807,46384984064.00
20211027,1371.79,1374.36,1354.30,1361.82,8823225,46287278080.00
20211028,1359.07,1371.17,1354.72,1356.37,8884098,47427891200.00
20211029,1363.25,1398.42,1355.37,1396.20,8218328,50999074816.00
20211101,1398.59,1415.58,1392.40,1404.21,9112094,55378882560.00
20211102,1405.87,1423.93,1395.70,1405.64,9807672,55141912576.00
20211103,1408.20,1416.47,1386.40,1399.55,7383885,43143725056.00
20211104,1404.66,1420.33,1404.66,1410.74,8411022,46770262016.00
20211105,1416.24,1418.88,1396.03,1396.74,9115940,48447463424.00
20211108,1398.57,1401.05,1381.62,1400.80,8082439,45547622400.00
20211109,1404.89,1422.90,1397.82,1420.51,8749737,48290344960.00
20211110,1417.66,1423.31,1398.88,1420.45,8704593,48751038464.00
20211111,1418.48,1443.60,1416.18,1437.15,10200216,57249079296.00
20211112,1432.71,1444.41,1425.58,1440.16,10727916,59031351296.00
20211115,1441.41,1448.03,1429.32,1432.60,11415896,61527265280.00
数据来源:通达信
