159949 创业板50ETF 日线 前复权
      日期	    开盘	    最高	    最低	    收盘	    成交量	    成交额
20160722,0.992,0.997,0.980,0.987,152786635,151182352.00
20160725,0.985,0.991,0.976,0.978,57524377,56574116.00
20160726,0.978,0.996,0.978,0.995,65106373,64502032.00
20160727,0.997,0.999,0.931,0.940,85506942,82250656.00
20160728,0.940,0.946,0.916,0.933,30032572,28062294.00
20160729,0.933,0.937,0.920,0.925,9330099,8663145.00
20160801,0.910,0.921,0.895,0.912,14552563,13188895.00
20160802,0.909,0.921,0.908,0.921,3388317,3106977.25
20160803,0.920,0.921,0.910,0.915,3812642,3493066.75
20160804,0.919,0.930,0.912,0.926,9673196,8896182.00
20160805,0.922,0.928,0.913,0.916,4798793,4417468.00
20160808,0.915,0.924,0.905,0.924,4671584,4283508.00
20160809,0.924,0.935,0.921,0.933,5904410,5488230.00
20160810,0.932,0.939,0.926,0.928,2104146,1961374.50
20160811,0.924,0.927,0.915,0.916,4156453,3821353.00
20160812,0.917,0.920,0.911,0.918,2437572,2232952.00
20160815,0.921,0.965,0.915,0.955,13301446,12597969.00
20160816,0.954,0.970,0.954,0.964,6726961,6469422.00
20160817,0.960,0.967,0.954,0.960,3632865,3490044.00
20160818,0.954,0.964,0.954,0.959,6495588,6225123.00
20160819,0.963,0.963,0.954,0.959,2408296,2304921.00
20160822,0.956,0.960,0.940,0.940,3665848,3493032.50
20160823,0.940,0.949,0.938,0.941,1565401,1475584.88
20160824,0.943,0.955,0.941,0.951,30295610,28836458.00
20160825,0.945,0.945,0.930,0.940,4300104,4031635.00
20160826,0.940,0.956,0.940,0.944,5783394,5496279.50
20160829,0.941,0.956,0.941,0.948,3105718,2946601.50
20160830,0.948,0.955,0.946,0.953,3086610,2933463.00
20160831,0.953,0.953,0.942,0.949,4088069,3869516.75
20160901,0.949,0.953,0.943,0.943,2615780,2484081.75
20160902,0.943,0.949,0.936,0.943,2174997,2049288.00
20160905,0.940,0.954,0.939,0.944,2106614,1993508.38
20160906,0.944,0.962,0.935,0.958,9383393,8933265.00
20160907,0.955,0.965,0.955,0.955,3695501,3551804.00
20160908,0.955,0.961,0.954,0.960,3828912,3666980.50
20160909,0.960,0.961,0.948,0.948,2556305,2441908.25
20160912,0.945,0.945,0.924,0.925,6082863,5666787.00
20160913,0.928,0.935,0.917,0.918,2600055,2400732.50
20160914,0.920,0.923,0.913,0.917,1571682,1441065.00
20160919,0.917,0.934,0.917,0.927,3169592,2943698.25
20160920,0.924,0.929,0.923,0.924,1756158,1624802.25
20160921,0.929,0.929,0.924,0.924,2050865,1900329.13
20160922,0.925,0.931,0.925,0.927,2569157,2386216.25
20160923,0.928,0.928,0.917,0.918,4800968,4426585.00
20160926,0.923,0.923,0.910,0.912,2137845,1956133.25
20160927,0.905,0.912,0.902,0.912,3082427,2792801.00
20160928,0.910,0.911,0.906,0.909,1481724,1347081.50
20160929,0.909,0.918,0.909,0.910,1900728,1736188.50
20160930,0.910,0.915,0.909,0.912,744134,678278.63
20161010,0.920,0.939,0.917,0.938,7445321,6927697.50
20161011,0.937,0.939,0.934,0.937,2851324,2671519.25
20161012,0.936,0.942,0.934,0.937,3150309,2954129.25
20161013,0.937,0.943,0.933,0.937,4125154,3870364.00
20161014,0.933,0.934,0.924,0.930,1750345,1624077.50
20161017,0.927,0.932,0.919,0.922,1873671,1733529.00
20161018,0.922,0.933,0.921,0.933,3497890,3244296.25
20161019,0.933,0.933,0.927,0.929,1245199,1158404.88
20161020,0.926,0.934,0.926,0.930,2748637,2556925.00
20161021,0.932,0.933,0.921,0.926,1948123,1803077.63
20161024,0.928,0.940,0.924,0.936,9340645,8711498.00
20161025,0.934,0.941,0.934,0.936,3710696,3479637.50
20161026,0.937,0.938,0.929,0.931,3024652,2825782.75
20161027,0.931,0.934,0.928,0.931,2444600,2276823.25
20161028,0.933,0.937,0.924,0.924,2680962,2498242.50
20161031,0.925,0.925,0.917,0.923,2004419,1844708.00
20161101,0.923,0.928,0.922,0.927,2002499,1850962.63
20161102,0.925,0.925,0.912,0.912,3586725,3291244.75
20161103,0.912,0.923,0.909,0.915,5650734,5174639.50
20161104,0.915,0.923,0.913,0.915,6130614,5625855.50
20161107,0.915,0.915,0.903,0.904,5949874,5395940.50
20161108,0.907,0.916,0.906,0.913,4832490,4402226.00
20161109,0.912,0.914,0.891,0.900,6688975,6029852.00
20161110,0.904,0.910,0.904,0.908,3455318,3136130.75
20161111,0.907,0.914,0.900,0.912,6923341,6266305.00
20161114,0.911,0.927,0.910,0.920,10085476,9294448.00
20161115,0.916,0.933,0.916,0.928,8283807,7648255.00
20161116,0.929,0.940,0.928,0.929,10925177,10224635.00
20161117,0.923,0.923,0.913,0.919,4871281,4470692.00
20161118,0.917,0.920,0.914,0.914,4985832,4577365.50
20161121,0.914,0.917,0.910,0.912,9340729,8528374.00
20161122,0.912,0.926,0.911,0.926,10089010,9252779.00
20161123,0.929,0.936,0.921,0.922,15103208,14043243.00
20161124,0.920,0.925,0.911,0.913,6264738,5759838.50
20161125,0.913,0.925,0.904,0.923,18796531,17247902.00
20161128,0.926,0.930,0.919,0.921,9802456,9078957.00
20161129,0.921,0.932,0.918,0.924,9998333,9245408.00
20161130,0.922,0.945,0.920,0.935,22046350,20635500.00
20161201,0.938,0.940,0.930,0.932,11073010,10337728.00
20161202,0.933,0.935,0.916,0.917,20654093,19107500.00
20161205,0.912,0.923,0.907,0.914,10611230,9721424.00
20161206,0.914,0.917,0.897,0.899,11160137,10108759.00
20161207,0.899,0.903,0.896,0.903,5367893,4826864.00
20161208,0.905,0.905,0.892,0.893,4166308,3735871.00
20161209,0.893,0.896,0.884,0.886,6981044,6201012.00
20161212,0.886,0.886,0.831,0.832,37425313,31784838.00
20161213,0.831,0.840,0.826,0.834,11806138,9853546.00
20161214,0.833,0.837,0.822,0.826,18402093,15246278.00
20161215,0.825,0.838,0.824,0.831,12497784,10388648.00
20161216,0.833,0.848,0.832,0.841,5685659,4793752.00
20161219,0.842,0.842,0.829,0.834,3060171,2558723.75
20161220,0.837,0.839,0.832,0.836,2311950,1932205.88
20161221,0.838,0.841,0.834,0.837,2214308,1856712.88
20161222,0.837,0.838,0.832,0.835,1275111,1062452.63
20161223,0.835,0.836,0.823,0.824,1752500,1449821.63
20161226,0.822,0.825,0.807,0.824,6024503,4914635.00
20161227,0.829,0.829,0.822,0.823,1208806,996379.63
20161228,0.820,0.824,0.816,0.817,850909,696719.75
20161229,0.818,0.824,0.813,0.813,1805113,1477352.88
20161230,0.815,0.821,0.814,0.817,1339727,1093336.13
20170103,0.814,0.822,0.814,0.818,2836589,2321779.25
20170104,0.820,0.838,0.818,0.838,8652916,7191437.00
20170105,0.837,0.838,0.833,0.835,2249028,1877332.50
20170106,0.835,0.835,0.822,0.823,3413813,2821885.25
20170109,0.824,0.828,0.818,0.822,3046337,2505583.75
20170110,0.820,0.826,0.818,0.820,3277531,2696098.25
20170111,0.819,0.822,0.811,0.814,4829745,3941284.25
20170112,0.813,0.816,0.808,0.809,2182706,1773002.00
20170113,0.808,0.811,0.791,0.791,7258952,5820375.50
20170116,0.794,0.794,0.737,0.753,10770540,8266105.00
20170117,0.753,0.783,0.746,0.776,16667798,12728113.00
20170118,0.772,0.776,0.766,0.766,8509913,6554627.50
20170119,0.766,0.772,0.760,0.767,3060009,2342891.25
20170120,0.764,0.792,0.764,0.784,13309013,10453546.00
20170123,0.782,0.789,0.782,0.786,5849005,4590237.50
20170124,0.788,0.788,0.771,0.771,6200071,4809630.00
20170125,0.773,0.776,0.770,0.774,1832400,1418940.13
20170126,0.771,0.781,0.771,0.780,2618300,2040832.25
20170203,0.783,0.783,0.775,0.777,3891900,3027859.00
20170206,0.778,0.790,0.776,0.788,6612030,5183387.50
20170207,0.788,0.790,0.778,0.781,3833500,3000272.00
20170208,0.777,0.788,0.777,0.788,6466021,5059717.50
20170209,0.788,0.796,0.788,0.794,4704051,3728504.00
20170210,0.792,0.794,0.788,0.790,2919614,2310285.25
20170213,0.789,0.801,0.786,0.796,3979501,3161033.75
20170214,0.794,0.799,0.794,0.795,2897006,2310590.25
20170215,0.795,0.797,0.785,0.785,1213269,959318.44
20170216,0.785,0.789,0.781,0.787,2781429,2186243.50
20170217,0.787,0.791,0.780,0.782,2066118,1622668.13
20170220,0.782,0.785,0.776,0.785,4034606,3153476.25
20170221,0.784,0.800,0.784,0.797,9304537,7394096.50
20170222,0.797,0.802,0.795,0.798,5877220,4690895.50
20170223,0.798,0.799,0.793,0.799,3898071,3103020.50
20170224,0.797,0.807,0.796,0.804,6359511,5111979.50
20170227,0.804,0.813,0.799,0.801,7386467,5946183.00
20170228,0.804,0.804,0.797,0.800,2333706,1865354.63
20170301,0.800,0.804,0.798,0.801,2860273,2295076.75
20170302,0.804,0.804,0.793,0.795,3271930,2616697.25
20170303,0.794,0.798,0.786,0.796,6659335,5270132.50
20170306,0.795,0.810,0.794,0.810,10937985,8814891.00
20170307,0.812,0.817,0.808,0.815,5703615,4637540.50
20170308,0.816,0.816,0.808,0.810,3920826,3186897.50
20170309,0.810,0.810,0.802,0.808,4506505,3634784.50
20170310,0.808,0.809,0.804,0.805,4164823,3358665.25
20170313,0.805,0.814,0.800,0.813,6896392,5580417.00
20170314,0.814,0.814,0.803,0.806,5399316,4360140.00
20170315,0.803,0.810,0.799,0.808,11281555,9104623.00
20170316,0.810,0.812,0.808,0.811,4393385,3558894.25
20170317,0.814,0.821,0.805,0.805,6380085,5196948.00
20170320,0.805,0.805,0.799,0.805,6784183,5435036.00
20170321,0.805,0.809,0.803,0.807,3794778,3057689.25
20170322,0.807,0.807,0.795,0.796,7350323,5862415.00
20170323,0.796,0.802,0.788,0.795,5620306,4477595.50
20170324,0.797,0.802,0.794,0.802,34143970,27286326.00
20170327,0.803,0.803,0.796,0.796,6210732,4956227.50
20170328,0.798,0.798,0.793,0.794,4623905,3676420.25
20170329,0.793,0.796,0.786,0.787,9701315,7678455.00
20170330,0.785,0.786,0.768,0.768,12418802,9630283.00
20170331,0.771,0.775,0.770,0.774,5381426,4159355.25
20170405,0.776,0.792,0.776,0.790,6278174,4932738.00
20170406,0.794,0.795,0.789,0.791,2773201,2198626.00
20170407,0.793,0.795,0.788,0.791,3229300,2559400.25
20170410,0.793,0.793,0.774,0.775,3585301,2800593.00
20170411,0.775,0.777,0.763,0.775,5728239,4424013.00
20170412,0.774,0.774,0.765,0.765,5076058,3904081.50
20170413,0.765,0.777,0.765,0.774,5461656,4225032.00
20170414,0.776,0.776,0.761,0.763,7998701,6120976.00
20170417,0.762,0.763,0.753,0.756,2302612,1745758.13
20170418,0.758,0.758,0.741,0.742,6326821,4743085.00
20170419,0.744,0.744,0.732,0.744,8083053,5959317.50
20170420,0.747,0.748,0.738,0.742,6018309,4472751.50
20170421,0.741,0.748,0.736,0.738,3680507,2734062.75
20170424,0.741,0.741,0.720,0.722,6019024,4360085.00
20170425,0.725,0.733,0.722,0.727,4164001,3034074.75
20170426,0.729,0.729,0.721,0.724,3030012,2194022.75
20170427,0.726,0.736,0.711,0.733,9213463,6668453.50
20170428,0.733,0.741,0.730,0.738,3777786,2785396.75
20170502,0.741,0.741,0.733,0.736,4295886,3164614.25
20170503,0.739,0.739,0.733,0.736,2320106,1708203.38
20170504,0.738,0.744,0.732,0.736,5410401,3995241.50
20170505,0.738,0.738,0.728,0.728,2696928,1976208.13
20170508,0.727,0.731,0.718,0.720,3280662,2378960.25
20170509,0.719,0.727,0.713,0.725,6472529,4666331.00
20170510,0.725,0.732,0.716,0.718,4954401,3598769.75
20170511,0.718,0.718,0.700,0.714,7437903,5285745.00
20170512,0.716,0.716,0.708,0.715,1874765,1335165.75
20170515,0.719,0.721,0.714,0.715,2006957,1440952.63
20170516,0.714,0.727,0.708,0.727,3527273,2532915.75
20170517,0.727,0.740,0.726,0.732,6227497,4562174.50
20170518,0.734,0.735,0.726,0.730,2985001,2186072.75
20170519,0.730,0.731,0.722,0.724,3028317,2202642.25
20170522,0.725,0.729,0.715,0.719,3019716,2185511.00
20170523,0.721,0.721,0.704,0.706,4931401,3501749.50
20170524,0.705,0.709,0.693,0.709,6488928,4555726.00
20170525,0.709,0.718,0.698,0.713,6049048,4288132.00
20170526,0.714,0.716,0.706,0.707,4738200,3366757.00
20170531,0.718,0.718,0.707,0.707,3367219,2396563.75
20170601,0.709,0.709,0.693,0.694,3097220,2165700.75
20170602,0.694,0.708,0.688,0.703,4590923,3195790.50
20170605,0.705,0.713,0.704,0.710,4362755,3097675.25
20170606,0.713,0.715,0.708,0.711,4920501,3499496.25
20170607,0.712,0.727,0.711,0.724,6282836,4518337.00
20170608,0.725,0.728,0.721,0.724,3565101,2582995.75
20170609,0.723,0.724,0.718,0.723,5491235,3958781.75
20170612,0.723,0.723,0.712,0.714,3798708,2724042.75
20170613,0.714,0.724,0.713,0.723,8859001,6370808.00
20170614,0.724,0.728,0.720,0.724,4442216,3215812.75
20170615,0.724,0.741,0.720,0.738,15142923,11125705.00
20170616,0.738,0.739,0.733,0.736,3765306,2773180.50
20170619,0.736,0.737,0.731,0.736,4206800,3093370.00
20170620,0.738,0.746,0.738,0.740,5901455,4381495.50
20170621,0.739,0.743,0.734,0.739,4634400,3420655.50
20170622,0.740,0.742,0.728,0.728,4864948,3585884.50
20170623,0.728,0.729,0.717,0.729,5395400,3900097.00
20170626,0.730,0.734,0.726,0.733,10905822,7967525.50
20170627,0.735,0.739,0.731,0.732,8444737,6211944.50
20170628,0.733,0.733,0.724,0.726,4556624,3315032.50
20170629,0.728,0.735,0.723,0.728,5405462,3944756.25
20170630,0.728,0.731,0.725,0.731,3121716,2273304.00
20170703,0.732,0.740,0.729,0.740,7204416,5301374.00
20170704,0.739,0.739,0.732,0.734,6005500,4410751.50
20170705,0.734,0.740,0.732,0.740,6620932,4872605.00
20170706,0.739,0.744,0.732,0.737,11626239,8576279.00
20170707,0.736,0.739,0.729,0.734,14523367,10641580.00
20170710,0.730,0.733,0.718,0.719,9201902,6656107.50
20170711,0.721,0.721,0.708,0.709,8567009,6106400.50
20170712,0.708,0.713,0.699,0.706,16117508,11355245.00
20170713,0.707,0.707,0.699,0.700,7562101,5310171.50
20170714,0.703,0.703,0.690,0.691,7724873,5364439.00
20170717,0.688,0.688,0.648,0.651,16320042,10849868.00
20170718,0.650,0.657,0.643,0.656,7213643,4695935.00
20170719,0.650,0.660,0.649,0.660,7175854,4697865.00
20170720,0.663,0.670,0.658,0.660,9102510,6054539.00
20170721,0.658,0.665,0.657,0.659,3842318,2539412.50
20170724,0.662,0.663,0.655,0.661,4613103,3037039.00
20170725,0.661,0.665,0.658,0.663,5914128,3915319.50
20170726,0.663,0.665,0.657,0.660,3974204,2628162.75
20170727,0.660,0.693,0.658,0.692,16718362,11346701.00
20170728,0.691,0.694,0.685,0.687,8582800,5911447.50
20170731,0.688,0.690,0.680,0.686,5564800,3810311.00
20170801,0.687,0.691,0.682,0.690,5086205,3495523.00
20170802,0.694,0.694,0.684,0.684,5756907,3963312.25
20170803,0.683,0.707,0.681,0.692,12040159,8369809.50
20170804,0.691,0.694,0.685,0.686,9259400,6383320.50
20170807,0.685,0.696,0.681,0.691,4547200,3142694.25
20170808,0.690,0.699,0.685,0.699,9543320,6616230.00
20170809,0.698,0.705,0.694,0.701,8067728,5645916.00
20170810,0.698,0.704,0.691,0.694,10885002,7591953.00
20170811,0.690,0.700,0.689,0.692,8192101,5691127.50
20170814,0.691,0.712,0.691,0.711,17524801,12391932.00
20170815,0.712,0.715,0.708,0.713,11832350,8424006.00
20170816,0.713,0.734,0.709,0.732,17974133,13013617.00
20170817,0.735,0.748,0.724,0.741,37662432,27798764.00
20170818,0.736,0.742,0.734,0.736,22693700,16758367.00
20170821,0.736,0.739,0.730,0.734,16303735,11968594.00
20170822,0.735,0.735,0.721,0.721,17074026,12421898.00
20170823,0.724,0.730,0.720,0.725,19542801,14186679.00
20170824,0.725,0.727,0.717,0.719,13713302,9901831.00
20170825,0.716,0.730,0.716,0.729,18009717,13047608.00
20170828,0.730,0.750,0.730,0.744,32370102,24067606.00
20170829,0.745,0.747,0.738,0.740,17274701,12817274.00
20170830,0.741,0.747,0.739,0.740,14736503,10950632.00
20170831,0.739,0.747,0.739,0.745,9268400,6895645.50
20170901,0.747,0.754,0.741,0.752,19826338,14804313.00
20170904,0.752,0.765,0.749,0.760,30778208,23338362.00
20170905,0.761,0.764,0.754,0.760,14033107,10649594.00
20170906,0.758,0.772,0.756,0.772,24848835,19005636.00
20170907,0.771,0.781,0.763,0.764,25916547,20069778.00
20170908,0.764,0.767,0.755,0.760,25369147,19281912.00
20170911,0.761,0.772,0.759,0.771,18589306,14235522.00
20170912,0.773,0.774,0.760,0.762,18600912,14251218.00
20170913,0.762,0.765,0.756,0.765,19813519,15063899.00
20170914,0.763,0.766,0.756,0.758,14934507,11345694.00
20170915,0.758,0.759,0.752,0.755,17913861,13533255.00
20170918,0.753,0.761,0.751,0.761,13114798,9935237.00
20170919,0.761,0.763,0.751,0.752,12943200,9784917.00
20170920,0.753,0.759,0.749,0.758,12910003,9731023.00
20170921,0.758,0.762,0.748,0.749,12300310,9285624.00
20170922,0.747,0.750,0.739,0.747,14771900,11001878.00
20170925,0.747,0.748,0.731,0.731,14725300,10875356.00
20170926,0.731,0.735,0.728,0.732,11755200,8590522.00
20170927,0.730,0.743,0.730,0.741,13672800,10100782.00
20170928,0.742,0.746,0.739,0.740,8698245,6463357.50
20170929,0.740,0.748,0.740,0.748,11370900,8481918.00
20171009,0.760,0.760,0.753,0.760,9686429,7333717.50
20171010,0.759,0.771,0.757,0.770,19764103,15095921.00
20171011,0.771,0.771,0.760,0.762,10758700,8223788.00
20171012,0.761,0.766,0.758,0.762,9173300,6995010.50
20171013,0.763,0.779,0.761,0.779,16083002,12406417.00
20171016,0.774,0.776,0.756,0.758,30253507,23149664.00
20171017,0.756,0.759,0.750,0.752,13408646,10104683.00
20171018,0.750,0.760,0.749,0.750,15316714,11574570.00
20171019,0.749,0.752,0.742,0.744,14561300,10889676.00
20171020,0.744,0.754,0.741,0.754,10079303,7548834.00
20171023,0.755,0.763,0.752,0.763,8869500,6742356.50
20171024,0.763,0.764,0.753,0.763,10807103,8192106.50
20171025,0.760,0.768,0.759,0.768,8442309,6448445.50
20171026,0.766,0.766,0.759,0.765,11958100,9117934.00
20171027,0.763,0.764,0.756,0.757,8141507,6177319.00
20171030,0.755,0.756,0.729,0.731,21681501,15994089.00
20171031,0.733,0.736,0.730,0.735,11526518,8457252.00
20171101,0.733,0.737,0.729,0.729,10311928,7556095.00
20171102,0.727,0.728,0.715,0.715,18773219,13521863.00
20171103,0.713,0.719,0.708,0.710,13074664,9325952.00
20171106,0.709,0.718,0.708,0.717,11709695,8342725.00
20171107,0.719,0.722,0.712,0.721,9350416,6707828.00
20171108,0.721,0.733,0.719,0.726,8994717,6541131.50
20171109,0.727,0.738,0.725,0.738,11317220,8262925.50
20171110,0.738,0.744,0.733,0.741,9720185,7192250.00
20171113,0.740,0.743,0.737,0.740,11585793,8579995.00
20171114,0.740,0.743,0.733,0.733,16014003,11811381.00
20171115,0.736,0.736,0.718,0.720,26373801,19108742.00
20171116,0.720,0.724,0.716,0.719,11198724,8054406.50
20171117,0.719,0.720,0.699,0.703,13669229,9699723.00
20171120,0.703,0.712,0.690,0.712,12478724,8748328.00
20171121,0.709,0.717,0.709,0.712,12445730,8875323.00
20171122,0.713,0.721,0.705,0.712,17700348,12633713.00
20171123,0.710,0.710,0.692,0.695,11879305,8338569.00
20171124,0.694,0.698,0.691,0.692,13088318,9087424.00
20171127,0.692,0.697,0.685,0.687,11283717,7790754.00
20171128,0.687,0.698,0.685,0.697,11132508,7693018.50
20171129,0.697,0.698,0.688,0.696,7441700,5160333.00
20171130,0.696,0.697,0.688,0.689,9605100,6654116.00
20171201,0.689,0.705,0.689,0.705,13520200,9462613.00
20171204,0.705,0.705,0.694,0.696,13893500,9725900.00
20171205,0.695,0.697,0.674,0.678,26315114,18057842.00
20171206,0.679,0.687,0.672,0.686,19222400,13085966.00
20171207,0.683,0.690,0.682,0.685,11373000,7800168.50
20171208,0.685,0.696,0.685,0.690,15023400,10389888.00
20171211,0.692,0.699,0.692,0.698,35396900,24644066.00
20171212,0.695,0.700,0.692,0.692,9100300,6331030.50
20171213,0.692,0.695,0.685,0.694,24796600,17145192.00
20171214,0.695,0.696,0.686,0.690,11212900,7738486.00
20171215,0.690,0.693,0.685,0.688,8434303,5805533.50
20171218,0.689,0.691,0.681,0.683,9357803,6403625.50
20171219,0.682,0.694,0.682,0.693,11771217,8134252.00
20171220,0.692,0.692,0.680,0.682,10767717,7368097.50
20171221,0.682,0.686,0.672,0.683,11022800,7492912.00
20171222,0.682,0.685,0.675,0.677,10253200,6968456.00
20171225,0.678,0.678,0.664,0.666,13374901,8948402.00
20171226,0.667,0.670,0.663,0.669,6788000,4527868.50
20171227,0.668,0.673,0.666,0.667,6446605,4310291.50
20171228,0.668,0.673,0.666,0.668,7199805,4821090.00
20171229,0.669,0.671,0.666,0.670,6739514,4506071.00
20180102,0.674,0.685,0.672,0.677,9666625,6540427.00
20180103,0.677,0.687,0.671,0.686,17627303,11978458.00
20180104,0.686,0.686,0.679,0.682,8850107,6044352.00
20180105,0.681,0.688,0.681,0.684,7294800,4999123.50
20180108,0.681,0.682,0.673,0.682,11036500,7479455.00
20180109,0.681,0.683,0.679,0.680,7927807,5399324.00
20180110,0.680,0.682,0.672,0.677,9206715,6225750.00
20180111,0.675,0.683,0.669,0.682,11538402,7788693.50
20180112,0.681,0.681,0.671,0.672,11349900,7663789.50
20180115,0.670,0.670,0.649,0.651,29997700,19763680.00
20180116,0.650,0.652,0.644,0.648,18791508,12187088.00
20180117,0.648,0.658,0.636,0.655,28636304,18563626.00
20180118,0.652,0.658,0.650,0.652,17260900,11296104.00
20180119,0.649,0.656,0.648,0.649,22046974,14372888.00
20180122,0.648,0.670,0.642,0.669,45618086,30084496.00
20180123,0.665,0.670,0.661,0.665,41356732,27491482.00
20180124,0.663,0.694,0.659,0.690,166248738,112673888.00
20180125,0.691,0.708,0.685,0.687,267109560,186019312.00
20180126,0.687,0.699,0.686,0.694,136934061,94794680.00
20180129,0.694,0.697,0.684,0.692,181647501,125225768.00
20180130,0.691,0.693,0.680,0.681,212574000,145745904.00
20180131,0.677,0.678,0.660,0.661,198382809,132299376.00
20180201,0.660,0.666,0.646,0.646,245276209,161203616.00
20180202,0.640,0.659,0.637,0.650,214324312,139275232.00
20180205,0.638,0.649,0.637,0.645,227459700,146377648.00
20180206,0.634,0.642,0.606,0.607,281885311,177040608.00
20180207,0.621,0.625,0.596,0.615,335735806,206518144.00
20180208,0.615,0.631,0.614,0.627,343801615,214671648.00
20180209,0.610,0.621,0.596,0.606,351770706,214641744.00
20180212,0.611,0.629,0.608,0.627,230224802,142934736.00
20180213,0.630,0.635,0.625,0.628,230120200,145209600.00
20180214,0.627,0.628,0.619,0.624,109559000,68257368.00
20180222,0.632,0.639,0.626,0.637,140332401,88871960.00
20180223,0.637,0.641,0.631,0.636,141526601,90048360.00
20180226,0.643,0.665,0.639,0.663,272388994,178000672.00
20180227,0.665,0.678,0.661,0.670,380879602,255494160.00
20180228,0.663,0.684,0.661,0.673,417125409,281564256.00
20180301,0.669,0.687,0.667,0.687,325319524,220969536.00
20180302,0.685,0.694,0.677,0.677,373100413,255545136.00
20180305,0.681,0.690,0.676,0.689,321320310,219543360.00
20180306,0.693,0.695,0.685,0.688,345233905,238573472.00
20180307,0.685,0.688,0.678,0.681,237254120,162031856.00
20180308,0.680,0.686,0.678,0.682,186730607,127290656.00
20180309,0.683,0.714,0.682,0.714,668952864,469477504.00
20180312,0.732,0.734,0.720,0.726,1136240761,824838784.00
20180313,0.723,0.733,0.716,0.720,742395458,537331776.00
20180314,0.716,0.722,0.710,0.710,795703666,569741312.00
20180315,0.705,0.717,0.698,0.716,719694204,508288992.00
20180316,0.714,0.719,0.702,0.704,618864621,441183520.00
20180319,0.702,0.719,0.700,0.712,713740804,507888736.00
20180320,0.704,0.719,0.700,0.716,629910810,446317632.00
20180321,0.716,0.721,0.693,0.694,792732242,564484864.00
20180322,0.699,0.705,0.693,0.695,741915241,518041824.00
20180323,0.675,0.679,0.643,0.649,1482326668,983100416.00
20180326,0.640,0.673,0.638,0.672,1061098464,697037632.00
20180327,0.681,0.702,0.678,0.701,1026898140,709003136.00
20180328,0.691,0.706,0.689,0.696,973715089,681910528.00
20180329,0.701,0.709,0.697,0.705,601280697,422457920.00
20180330,0.710,0.727,0.706,0.727,832841532,597236352.00
20180402,0.734,0.736,0.722,0.722,986325745,718336128.00
20180403,0.711,0.716,0.700,0.710,977491204,692702976.00
20180404,0.713,0.715,0.693,0.694,731434328,513799424.00
20180409,0.695,0.708,0.689,0.698,653043945,456872704.00
20180410,0.696,0.699,0.683,0.693,747198315,515797024.00
20180411,0.697,0.704,0.692,0.693,590069905,412453920.00
20180412,0.691,0.698,0.687,0.687,480646538,332884000.00
20180413,0.693,0.696,0.687,0.690,366953050,253852400.00
20180416,0.688,0.701,0.686,0.695,676027666,468420000.00
20180417,0.695,0.698,0.669,0.670,978825938,665975680.00
20180418,0.674,0.693,0.660,0.688,1289988054,871252416.00
20180419,0.684,0.692,0.682,0.684,644209946,442283872.00
20180420,0.682,0.686,0.664,0.666,807156633,544750208.00
20180423,0.666,0.670,0.642,0.651,969097801,634838336.00
20180424,0.653,0.678,0.650,0.677,970358829,646896256.00
20180425,0.674,0.682,0.672,0.679,644291966,436825120.00
20180426,0.679,0.680,0.665,0.667,521456262,350594144.00
20180427,0.669,0.675,0.660,0.671,574133335,384127936.00
20180502,0.674,0.680,0.664,0.667,540199749,362982208.00
20180503,0.668,0.684,0.656,0.684,813484893,545013312.00
20180504,0.679,0.683,0.673,0.674,559167501,379546080.00
20180507,0.676,0.693,0.676,0.690,844285889,579715904.00
20180508,0.691,0.698,0.688,0.697,553872483,383894752.00
20180509,0.696,0.699,0.692,0.697,359606061,250408784.00
20180510,0.698,0.701,0.689,0.697,549628200,382089696.00
20180511,0.698,0.700,0.685,0.685,592839996,409690304.00
20180514,0.687,0.692,0.681,0.683,481942977,331234176.00
20180515,0.683,0.691,0.678,0.691,507163708,347265984.00
20180516,0.688,0.691,0.683,0.685,407050906,279729152.00
20180517,0.684,0.687,0.674,0.677,429598672,291851520.00
20180518,0.676,0.682,0.671,0.680,480818728,325671584.00
20180521,0.687,0.699,0.687,0.693,684134022,474554496.00
20180522,0.692,0.694,0.688,0.694,476413289,329286656.00
20180523,0.692,0.693,0.682,0.683,445492801,306234816.00
20180524,0.682,0.684,0.676,0.677,331261314,225212304.00
20180525,0.675,0.677,0.661,0.661,625356289,417436704.00
20180528,0.662,0.664,0.653,0.656,439543740,289473664.00
20180529,0.657,0.663,0.652,0.652,490351689,322125344.00
20180530,0.645,0.645,0.629,0.631,822468302,525255744.00
20180531,0.637,0.640,0.627,0.636,673712389,426914464.00
20180601,0.633,0.635,0.622,0.627,527139855,331311520.00
20180604,0.627,0.630,0.622,0.626,387087596,242505680.00
20180605,0.626,0.640,0.626,0.639,586839291,371382528.00
20180606,0.637,0.639,0.631,0.634,503444919,319674272.00
20180607,0.637,0.637,0.629,0.629,313695885,198375136.00
20180608,0.628,0.628,0.616,0.620,455843971,283548832.00
20180611,0.619,0.625,0.617,0.618,352725224,218869472.00
20180612,0.620,0.629,0.614,0.626,538916597,335569952.00
20180613,0.626,0.626,0.615,0.615,368762376,229160880.00
20180614,0.614,0.624,0.610,0.613,598282951,368451072.00
20180615,0.614,0.616,0.596,0.598,861377417,519992384.00
20180619,0.591,0.592,0.552,0.560,1237726600,710133696.00
20180620,0.557,0.571,0.554,0.562,949465739,534440992.00
20180621,0.564,0.567,0.546,0.546,842590760,467379616.00
20180622,0.544,0.562,0.541,0.559,898604327,497889952.00
20180625,0.565,0.567,0.554,0.555,587715715,330035232.00
20180626,0.550,0.571,0.548,0.569,874277596,491514944.00
20180627,0.568,0.571,0.562,0.564,573525557,324930752.00
20180628,0.564,0.574,0.560,0.563,783651037,445641408.00
20180629,0.565,0.588,0.564,0.586,946486652,546037376.00
20180702,0.586,0.591,0.574,0.580,752687427,439382976.00
20180703,0.581,0.595,0.572,0.591,1094400174,639051456.00
20180704,0.589,0.589,0.572,0.574,825631299,479754784.00
20180705,0.574,0.582,0.563,0.563,967161506,554137792.00
20180706,0.564,0.582,0.561,0.567,1189436844,681022848.00
20180709,0.571,0.580,0.571,0.579,795971356,459013664.00
20180710,0.579,0.584,0.577,0.583,712804979,413905568.00
20180711,0.572,0.578,0.563,0.570,1158931642,661692736.00
20180712,0.573,0.596,0.573,0.594,1301804002,765691584.00
20180713,0.593,0.596,0.590,0.593,676239819,401572064.00
20180716,0.593,0.595,0.587,0.590,664271986,391789312.00
20180717,0.590,0.594,0.585,0.593,660688726,389258976.00
20180718,0.594,0.598,0.585,0.585,712379621,421693600.00
20180719,0.586,0.590,0.579,0.581,612674262,357564736.00
20180720,0.582,0.593,0.578,0.589,779152137,456631712.00
20180723,0.588,0.600,0.585,0.600,842285493,500612832.00
20180724,0.601,0.613,0.597,0.605,1106092496,670769920.00
20180725,0.606,0.613,0.603,0.605,732856897,445531744.00
20180726,0.605,0.607,0.591,0.595,823499219,491148000.00
20180727,0.593,0.595,0.588,0.588,826499414,488427520.00
20180730,0.587,0.589,0.573,0.576,795974567,461700160.00
20180731,0.575,0.580,0.570,0.574,678163858,389851584.00
20180801,0.575,0.581,0.565,0.565,705583389,404167456.00
20180802,0.563,0.565,0.542,0.551,1221834480,673579840.00
20180803,0.551,0.554,0.542,0.542,773807808,423410336.00
20180806,0.541,0.545,0.526,0.529,988161931,529227328.00
20180807,0.532,0.547,0.528,0.545,1139864205,613373248.00
20180808,0.543,0.545,0.532,0.534,661375095,356097824.00
20180809,0.531,0.556,0.531,0.551,1327783605,726987776.00
20180810,0.550,0.555,0.548,0.553,555109101,306379808.00
20180813,0.548,0.563,0.546,0.562,859846800,476290272.00
20180814,0.560,0.563,0.554,0.556,703705226,392568128.00
20180815,0.557,0.557,0.536,0.539,1018752678,554699968.00
20180816,0.532,0.546,0.529,0.538,935347715,503504864.00
20180817,0.543,0.545,0.526,0.528,860021789,459370368.00
20180820,0.526,0.534,0.521,0.533,1035426487,546404544.00
20180821,0.533,0.542,0.531,0.539,843013224,452794144.00
20180822,0.538,0.539,0.532,0.534,496477327,265708432.00
20180823,0.534,0.542,0.532,0.539,926995973,498474816.00
20180824,0.537,0.539,0.533,0.535,684980643,367292352.00
20180827,0.537,0.552,0.536,0.550,1084214466,590477568.00
20180828,0.550,0.553,0.547,0.550,594646708,326974688.00
20180829,0.549,0.551,0.544,0.546,515805403,281941472.00
20180830,0.547,0.548,0.535,0.536,585192327,316346304.00
20180831,0.535,0.535,0.526,0.528,649999327,344755296.00
20180903,0.525,0.532,0.520,0.530,769802489,404046912.00
20180904,0.529,0.539,0.526,0.536,704350912,375060928.00
20180905,0.534,0.538,0.527,0.527,543718919,289785120.00
20180906,0.526,0.533,0.522,0.524,735939724,388151808.00
20180907,0.526,0.535,0.520,0.524,963397523,507610720.00
20180910,0.521,0.522,0.501,0.502,1137586446,579664640.00
20180911,0.502,0.509,0.499,0.505,700716381,353100448.00
20180912,0.505,0.509,0.501,0.503,621567380,313904800.00
20180913,0.509,0.512,0.499,0.506,948261413,479014976.00
20180914,0.506,0.509,0.498,0.498,876344169,440428384.00
20180917,0.496,0.497,0.490,0.492,739756844,364869504.00
20180918,0.490,0.501,0.489,0.500,992274912,490803488.00
20180919,0.498,0.511,0.496,0.506,1055380479,531710208.00
20180920,0.505,0.509,0.503,0.504,497485128,251613904.00
20180921,0.506,0.515,0.503,0.514,836338321,426077888.00
20180925,0.510,0.513,0.506,0.509,526193546,267950592.00
20180926,0.510,0.517,0.506,0.512,926102955,473829216.00
20180927,0.511,0.513,0.502,0.502,703362462,356989472.00
20180928,0.504,0.511,0.502,0.511,834452075,423024288.00
20181008,0.500,0.501,0.485,0.485,1177240254,581828288.00
20181009,0.486,0.490,0.478,0.481,675114692,326384000.00
20181010,0.482,0.485,0.475,0.480,670712504,322303584.00
20181011,0.463,0.466,0.440,0.444,1262530818,575647680.00
20181012,0.443,0.453,0.434,0.447,1154590803,512644320.00
20181015,0.448,0.453,0.439,0.440,611458575,273257472.00
20181016,0.440,0.445,0.427,0.429,844869563,367707328.00
20181017,0.436,0.438,0.424,0.435,1577580102,682544064.00
20181018,0.432,0.435,0.425,0.427,1285171779,552609152.00
20181019,0.422,0.447,0.420,0.445,2410498851,1050565056.00
20181022,0.459,0.480,0.452,0.475,3001758407,1399754112.00
20181023,0.477,0.478,0.457,0.462,2266437494,1057785664.00
20181024,0.460,0.467,0.454,0.458,1417323554,651850240.00
20181025,0.443,0.457,0.438,0.454,2227872079,992107328.00
20181026,0.457,0.460,0.442,0.447,1386070425,625581696.00
20181029,0.446,0.451,0.439,0.443,1048815917,467509760.00
20181030,0.442,0.456,0.435,0.450,1791715963,798544896.00
20181031,0.450,0.458,0.447,0.453,1413179893,640162880.00
20181101,0.460,0.469,0.458,0.459,2400156290,1110666752.00
20181102,0.480,0.485,0.471,0.485,3327848221,1585811840.00
20181105,0.483,0.493,0.473,0.483,3172481882,1534207872.00
20181106,0.480,0.483,0.473,0.481,1288584716,616737344.00
20181107,0.482,0.489,0.480,0.481,1597998908,774435136.00
20181108,0.486,0.488,0.472,0.472,1593290123,763970624.00
20181109,0.469,0.478,0.467,0.474,1513859386,717626624.00
20181112,0.473,0.493,0.472,0.493,1936452657,937274880.00
20181113,0.488,0.503,0.485,0.498,3391140238,1676254336.00
20181114,0.496,0.502,0.494,0.495,1382169686,686634176.00
20181115,0.493,0.504,0.492,0.503,1470386193,732951872.00
20181116,0.504,0.508,0.497,0.502,1914002328,962241600.00
20181119,0.500,0.502,0.494,0.500,1234652307,614452992.00
20181120,0.496,0.497,0.482,0.484,1706705662,835792128.00
20181121,0.480,0.488,0.479,0.487,1410160533,683097856.00
20181122,0.487,0.490,0.481,0.483,902516998,437416672.00
20181123,0.482,0.483,0.463,0.463,1396607926,657487104.00
20181126,0.463,0.467,0.459,0.461,893098435,413799680.00
20181127,0.466,0.469,0.462,0.465,812604697,378354720.00
20181128,0.464,0.476,0.461,0.475,1087723983,511811904.00
20181129,0.479,0.481,0.464,0.465,913572520,433158048.00
20181130,0.463,0.474,0.461,0.471,1259668571,587971520.00
20181203,0.488,0.493,0.482,0.489,1966277060,960216896.00
20181204,0.487,0.491,0.486,0.491,889049306,434673760.00
20181205,0.484,0.492,0.481,0.487,1171398396,569371712.00
20181206,0.484,0.485,0.472,0.472,1131805135,541975808.00
20181207,0.473,0.476,0.471,0.473,644302340,304682880.00
20181210,0.468,0.473,0.466,0.468,793585528,372383040.00
20181211,0.470,0.473,0.469,0.473,520861503,245504736.00
20181212,0.475,0.477,0.471,0.472,749833538,355410144.00
20181213,0.474,0.482,0.470,0.479,771282637,368051328.00
20181214,0.477,0.478,0.463,0.465,1021423711,480082624.00
20181217,0.463,0.464,0.455,0.460,895093439,410969888.00
20181218,0.456,0.463,0.453,0.457,856036783,391443136.00
20181219,0.458,0.459,0.445,0.447,1017220836,458773632.00
20181220,0.446,0.452,0.444,0.449,901957002,404521312.00
20181221,0.447,0.450,0.442,0.446,738840453,329790144.00
20181224,0.445,0.453,0.444,0.452,897073551,403699776.00
20181225,0.447,0.450,0.436,0.447,1410083112,623627712.00
20181226,0.446,0.449,0.441,0.442,720616795,320440096.00
20181227,0.449,0.450,0.436,0.436,818950300,363392416.00
20181228,0.437,0.440,0.433,0.436,643004523,280661696.00
20190102,0.437,0.438,0.428,0.429,745468209,321915680.00
20190103,0.428,0.433,0.423,0.425,768667885,328691008.00
20190104,0.421,0.436,0.419,0.436,1562411847,669374528.00
20190107,0.438,0.444,0.435,0.442,1200786356,528300544.00
20190108,0.441,0.444,0.439,0.441,562933453,248544432.00
20190109,0.442,0.450,0.439,0.441,997192466,443383808.00
20190110,0.440,0.443,0.437,0.438,700423815,308599968.00
20190111,0.439,0.441,0.435,0.439,582693727,255203968.00
20190114,0.439,0.440,0.432,0.433,489384300,212760752.00
20190115,0.432,0.443,0.431,0.442,817373153,357988288.00
20190116,0.442,0.446,0.441,0.442,578742410,256450400.00
20190117,0.442,0.443,0.436,0.436,599809900,263591664.00
20190118,0.437,0.445,0.436,0.444,843852600,371832640.00
20190121,0.445,0.451,0.443,0.448,948271414,424244384.00
20190122,0.447,0.447,0.437,0.439,845942066,373449792.00
20190123,0.438,0.440,0.436,0.437,453502624,198654640.00
20190124,0.438,0.446,0.436,0.444,821096532,363420000.00
20190125,0.443,0.449,0.442,0.445,663135908,295556448.00
20190128,0.448,0.451,0.442,0.443,632264491,282539392.00
20190129,0.442,0.443,0.432,0.437,1119963075,488492800.00
20190130,0.434,0.439,0.431,0.432,767148800,334069184.00
20190131,0.432,0.436,0.428,0.430,938923971,405731872.00
20190201,0.433,0.449,0.431,0.449,1712942442,758078144.00
20190211,0.450,0.463,0.449,0.462,1444153375,659221504.00
20190212,0.462,0.469,0.461,0.467,906308336,421927680.00
20190213,0.467,0.479,0.467,0.477,1511757797,717877504.00
20190214,0.477,0.484,0.474,0.481,1080207795,517428352.00
20190215,0.479,0.482,0.474,0.474,723064538,345809440.00
20190218,0.478,0.499,0.478,0.499,1329535961,650072384.00
20190219,0.500,0.503,0.488,0.493,1455952744,721802560.00
20190220,0.493,0.495,0.484,0.491,1102743592,539494528.00
20190221,0.491,0.508,0.488,0.493,1414689863,704502848.00
20190222,0.493,0.518,0.492,0.516,1632481617,822499264.00
20190225,0.530,0.560,0.528,0.559,2272894827,1235250432.00
20190226,0.558,0.566,0.546,0.549,2351515689,1309212800.00
20190227,0.549,0.555,0.532,0.540,2226462086,1209794432.00
20190228,0.540,0.552,0.539,0.549,1685763410,920570176.00
20190301,0.558,0.563,0.547,0.562,1416560454,787229632.00
20190304,0.570,0.597,0.569,0.579,2053930136,1190775552.00
20190305,0.575,0.599,0.571,0.598,1725827590,1005258624.00
20190306,0.603,0.612,0.590,0.609,1794506647,1076300288.00
20190307,0.604,0.614,0.591,0.601,2148135577,1293979008.00
20190308,0.579,0.610,0.575,0.581,2077568206,1231079424.00
20190311,0.584,0.605,0.580,0.605,1934443832,1147429248.00
20190312,0.608,0.621,0.601,0.611,2494460224,1528564864.00
20190313,0.611,0.612,0.582,0.588,2864416649,1708867200.00
20190314,0.583,0.595,0.574,0.584,1961967325,1144711040.00
20190315,0.588,0.593,0.577,0.583,1188990947,696743296.00
20190318,0.583,0.598,0.575,0.598,1544625100,908112448.00
20190319,0.598,0.604,0.592,0.595,918669622,548491712.00
20190320,0.595,0.597,0.583,0.593,1065269453,628183104.00
20190321,0.593,0.607,0.591,0.598,853159280,511712736.00
20190322,0.598,0.601,0.585,0.595,985400767,583376960.00
20190325,0.585,0.596,0.582,0.584,944873414,556642432.00
20190326,0.588,0.590,0.567,0.568,861188175,498339712.00
20190327,0.573,0.575,0.562,0.571,1022777246,582773760.00
20190328,0.568,0.578,0.565,0.565,1050785356,600726912.00
20190329,0.569,0.591,0.565,0.591,1150925498,668898432.00
20190401,0.595,0.619,0.595,0.616,1178560284,717978240.00
20190402,0.617,0.624,0.610,0.611,1138980430,702290624.00
20190403,0.609,0.621,0.606,0.620,817044419,501622752.00
20190404,0.620,0.626,0.612,0.615,1054925738,651160192.00
20190408,0.619,0.622,0.596,0.604,1106690440,671637248.00
20190409,0.600,0.611,0.598,0.605,1115953866,674699712.00
20190410,0.600,0.605,0.592,0.599,974648562,582631616.00
20190411,0.600,0.602,0.585,0.587,1029842896,608837696.00
20190412,0.586,0.591,0.584,0.590,1061214291,623238016.00
20190415,0.600,0.602,0.577,0.578,938187558,553308096.00
20190416,0.575,0.598,0.571,0.597,1488128083,865675968.00
20190417,0.595,0.602,0.593,0.596,871268801,521038432.00
20190418,0.596,0.599,0.591,0.591,623613909,371175840.00
20190419,0.593,0.599,0.588,0.599,624990665,370875744.00
20190422,0.599,0.600,0.585,0.588,665147264,393648640.00
20190423,0.586,0.589,0.578,0.582,570828500,332817152.00
20190424,0.583,0.593,0.576,0.592,948795190,555153344.00
20190425,0.589,0.590,0.571,0.572,778552830,453610592.00
20190426,0.569,0.580,0.569,0.571,652829464,374743456.00
20190429,0.571,0.573,0.555,0.556,1049377901,590732480.00
20190430,0.556,0.561,0.550,0.554,784306989,436490560.00
20190506,0.525,0.533,0.506,0.509,1333301619,695612928.00
20190507,0.517,0.521,0.508,0.516,1092106905,563144640.00
20190508,0.505,0.523,0.504,0.514,1095747817,564200384.00
20190509,0.509,0.515,0.505,0.506,975116898,497417888.00
20190510,0.514,0.531,0.503,0.530,1556217431,809241280.00
20190513,0.522,0.525,0.516,0.520,851604553,443685088.00
20190514,0.516,0.526,0.515,0.519,902522169,470456544.00
20190515,0.523,0.531,0.521,0.529,785119905,412818048.00
20190516,0.529,0.531,0.523,0.530,559205793,294727552.00
20190517,0.531,0.532,0.508,0.511,762341791,396693952.00
20190520,0.509,0.514,0.503,0.511,895671407,455189504.00
20190521,0.511,0.522,0.509,0.517,939477132,484709280.00
20190522,0.516,0.521,0.511,0.516,664770980,343080352.00
20190523,0.514,0.514,0.501,0.503,989471600,501410688.00
20190524,0.502,0.507,0.500,0.502,681810316,343065824.00
20190527,0.504,0.518,0.501,0.515,1511861943,769717120.00
20190528,0.516,0.518,0.510,0.514,837158060,430981952.00
20190529,0.512,0.518,0.511,0.513,502137025,258403872.00
20190530,0.511,0.512,0.502,0.507,633982378,320657152.00
20190531,0.507,0.513,0.506,0.506,579578525,295116608.00
20190603,0.508,0.510,0.499,0.502,717987957,361179808.00
20190604,0.500,0.502,0.494,0.497,691321059,344526336.00
20190605,0.502,0.503,0.495,0.496,552088409,275527904.00
20190606,0.496,0.496,0.484,0.486,810991109,397088320.00
20190610,0.488,0.495,0.485,0.491,669498113,328286592.00
20190611,0.491,0.511,0.490,0.510,1120927707,563734848.00
20190612,0.508,0.510,0.503,0.504,583872736,295859392.00
20190613,0.504,0.509,0.502,0.506,601090370,303993376.00
20190614,0.506,0.509,0.496,0.497,472989065,237568016.00
20190617,0.497,0.501,0.495,0.499,436858800,217794048.00
20190618,0.499,0.503,0.495,0.500,361140927,180281040.00
20190619,0.520,0.521,0.507,0.507,1016726700,522685088.00
20190620,0.507,0.523,0.505,0.519,993991331,512628960.00
20190621,0.530,0.535,0.527,0.531,1428596898,759334912.00
20190624,0.532,0.532,0.525,0.527,522015807,275842176.00
20190625,0.526,0.527,0.514,0.522,772433669,402098720.00
20190626,0.518,0.530,0.518,0.525,585221957,307464000.00
20190627,0.527,0.535,0.527,0.532,779317409,414616672.00
20190628,0.531,0.532,0.524,0.529,543453043,286688992.00
20190701,0.540,0.550,0.537,0.548,1110161333,604551040.00
20190702,0.548,0.553,0.546,0.549,756746933,415916832.00
20190703,0.548,0.548,0.540,0.543,510752393,278139488.00
20190704,0.544,0.545,0.535,0.539,512617618,276376800.00
20190705,0.538,0.542,0.537,0.541,297053022,160385632.00
20190708,0.539,0.539,0.519,0.525,527650822,277907104.00
20190709,0.524,0.528,0.520,0.527,407831300,213817248.00
20190710,0.528,0.529,0.522,0.523,265548510,139518752.00
20190711,0.528,0.532,0.522,0.524,336473716,177550960.00
20190712,0.524,0.529,0.521,0.526,292924763,154011424.00
20190715,0.524,0.539,0.519,0.535,691940110,366940480.00
20190716,0.533,0.537,0.532,0.535,386484716,206469824.00
20190717,0.534,0.541,0.533,0.537,528962209,284743680.00
20190718,0.534,0.535,0.528,0.528,342371573,182108832.00
20190719,0.530,0.540,0.530,0.535,505736226,270447648.00
20190722,0.535,0.537,0.523,0.525,494623946,261089216.00
20190723,0.525,0.532,0.525,0.532,365908349,193578336.00
20190724,0.533,0.543,0.532,0.539,575042389,310113088.00
20190725,0.538,0.546,0.537,0.543,432072687,234437312.00
20190726,0.542,0.545,0.541,0.545,324078392,176108736.00
20190729,0.545,0.547,0.541,0.542,253302686,137549344.00
20190730,0.543,0.555,0.543,0.550,574752336,316238912.00
20190731,0.548,0.550,0.546,0.546,324963839,177968032.00
20190801,0.543,0.547,0.541,0.545,324650844,176597072.00
20190802,0.533,0.539,0.530,0.538,654654359,350414912.00
20190805,0.535,0.541,0.526,0.526,542187463,289075040.00
20190806,0.516,0.522,0.506,0.518,937888499,482273056.00
20190807,0.521,0.523,0.516,0.516,355427442,184849520.00
20190808,0.519,0.526,0.519,0.524,354780087,185434880.00
20190809,0.527,0.529,0.520,0.521,470468912,246954112.00
20190812,0.522,0.533,0.519,0.532,318042675,167061024.00
20190813,0.527,0.531,0.525,0.528,259620074,137122048.00
20190814,0.536,0.540,0.533,0.534,387642775,207894304.00
20190815,0.525,0.541,0.522,0.541,578387095,307750528.00
20190816,0.540,0.551,0.539,0.545,631081242,344096736.00
20190819,0.551,0.572,0.550,0.570,1167245357,655459904.00
20190820,0.570,0.572,0.562,0.565,727404267,413024000.00
20190821,0.563,0.565,0.559,0.561,860830474,483859904.00
20190822,0.563,0.564,0.557,0.563,380763485,213829168.00
20190823,0.564,0.567,0.560,0.565,467491938,263764800.00
20190826,0.556,0.562,0.553,0.558,617669433,344764608.00
20190827,0.562,0.574,0.561,0.568,636051047,361176256.00
20190828,0.567,0.568,0.561,0.564,355916199,200718480.00
20190829,0.564,0.567,0.559,0.561,318687182,179294112.00
20190830,0.566,0.569,0.556,0.560,447965582,252378096.00
20190902,0.560,0.580,0.560,0.579,620643965,355195712.00
20190903,0.579,0.582,0.574,0.582,378130974,218827392.00
20190904,0.580,0.585,0.577,0.584,513439896,298312512.00
20190905,0.589,0.603,0.589,0.593,910679973,542807808.00
20190906,0.598,0.599,0.591,0.597,562383219,334938048.00
20190909,0.604,0.618,0.600,0.618,808875982,493210944.00
20190910,0.617,0.618,0.610,0.613,511376712,314425472.00
20190911,0.617,0.619,0.604,0.606,798586931,486930304.00
20190912,0.609,0.610,0.603,0.608,524991085,318562848.00
20190916,0.610,0.613,0.605,0.608,511881331,311928320.00
20190917,0.606,0.607,0.591,0.595,792296288,474087808.00
20190918,0.595,0.597,0.589,0.593,451666269,268073872.00
20190919,0.595,0.604,0.594,0.602,400587408,239698368.00
20190920,0.603,0.606,0.600,0.600,542252595,326967136.00
20190923,0.598,0.599,0.587,0.593,451470919,266629296.00
20190924,0.592,0.605,0.592,0.600,491678161,294626848.00
20190925,0.596,0.597,0.590,0.591,379065206,224786416.00
20190926,0.592,0.594,0.575,0.576,587557277,342915648.00
20190927,0.576,0.584,0.575,0.582,413678533,240179872.00
20190930,0.582,0.585,0.571,0.571,367213148,212379104.00
20191008,0.573,0.578,0.567,0.567,327875971,187899984.00
20191009,0.565,0.571,0.563,0.570,349386360,197859520.00
20191010,0.573,0.588,0.572,0.587,548552590,318625984.00
20191011,0.587,0.592,0.582,0.589,374189719,219609552.00
20191014,0.595,0.600,0.593,0.593,360982181,215268320.00
20191015,0.592,0.593,0.583,0.586,268911288,158086448.00
20191016,0.587,0.591,0.583,0.584,273967885,160843968.00
20191017,0.583,0.588,0.583,0.585,223273945,130693688.00
20191018,0.586,0.591,0.579,0.580,349183534,204217488.00
20191021,0.580,0.581,0.571,0.577,377236290,216881520.00
20191022,0.578,0.586,0.578,0.586,335243528,195126160.00
20191023,0.584,0.586,0.577,0.578,257233601,149689408.00
20191024,0.578,0.581,0.574,0.579,233134219,134790304.00
20191025,0.579,0.588,0.576,0.587,497021567,289255008.00
20191028,0.594,0.599,0.589,0.598,470690662,279935488.00
20191029,0.597,0.598,0.589,0.590,325193541,193342576.00
20191030,0.587,0.592,0.585,0.590,233644149,137594576.00
20191031,0.591,0.594,0.586,0.587,233734803,138129232.00
20191101,0.586,0.596,0.586,0.596,358699438,212654688.00
20191104,0.596,0.603,0.596,0.599,304946560,182891360.00
20191105,0.600,0.608,0.597,0.606,423951709,255653440.00
20191106,0.605,0.612,0.601,0.603,383106601,232554512.00
20191107,0.601,0.610,0.600,0.606,216316003,131272920.00
20191108,0.610,0.615,0.607,0.608,307757209,188031600.00
20191111,0.605,0.605,0.593,0.594,302960165,181547792.00
20191112,0.594,0.596,0.585,0.591,311243275,183755328.00
20191113,0.591,0.598,0.590,0.596,288166316,171348336.00
20191114,0.597,0.604,0.596,0.601,271244174,162810864.00
20191115,0.601,0.606,0.596,0.597,272293779,163614288.00
20191118,0.595,0.601,0.594,0.600,187789214,112369456.00
20191119,0.601,0.622,0.600,0.622,577572683,355291840.00
20191120,0.621,0.628,0.616,0.618,392615275,244453728.00
20191121,0.615,0.620,0.611,0.615,271146058,166894672.00
20191122,0.617,0.625,0.600,0.603,574422149,351172672.00
20191125,0.604,0.605,0.593,0.599,443162604,264829600.00
20191126,0.600,0.606,0.597,0.602,365910552,220115456.00
20191127,0.602,0.609,0.596,0.603,313389955,188904592.00
20191128,0.603,0.607,0.600,0.603,170173179,102679864.00
20191129,0.601,0.602,0.592,0.597,302858300,180866128.00
20191202,0.600,0.604,0.598,0.599,197199770,118457656.00
20191203,0.597,0.604,0.591,0.603,260617082,155645568.00
20191204,0.599,0.609,0.598,0.604,318016886,192079792.00
20191205,0.607,0.621,0.605,0.618,527570809,324495040.00
20191206,0.618,0.625,0.617,0.625,342314782,212648640.00
20191209,0.627,0.628,0.619,0.621,240985031,149996672.00
20191210,0.619,0.632,0.618,0.630,488857720,306555392.00
20191211,0.629,0.631,0.621,0.624,275261139,172311360.00
20191212,0.623,0.630,0.622,0.625,309762547,194066496.00
20191213,0.631,0.642,0.629,0.642,533697185,338944224.00
20191216,0.642,0.650,0.638,0.649,445271637,286703584.00
20191217,0.650,0.662,0.650,0.657,455972795,299101600.00
20191218,0.657,0.660,0.652,0.654,311977976,204768688.00
20191219,0.655,0.658,0.649,0.654,327517747,213640784.00
20191220,0.653,0.657,0.646,0.646,372032021,241747808.00
20191223,0.643,0.649,0.633,0.634,752300206,482591616.00
20191224,0.636,0.649,0.635,0.649,382183784,245540656.00
20191225,0.648,0.657,0.645,0.656,399729307,260826400.00
20191226,0.654,0.660,0.652,0.660,295380322,193929040.00
20191227,0.660,0.665,0.647,0.649,429299447,282226368.00
20191230,0.646,0.660,0.642,0.660,411666196,269083744.00
20191231,0.658,0.664,0.657,0.661,339162133,224126656.00
20200102,0.666,0.677,0.659,0.673,520027774,348810496.00
20200103,0.673,0.677,0.666,0.671,392702591,263737456.00
20200106,0.666,0.686,0.666,0.678,601526929,408165696.00
20200107,0.678,0.687,0.678,0.686,473290222,322778080.00
20200108,0.680,0.688,0.674,0.676,547463028,372667072.00
20200109,0.684,0.698,0.684,0.696,562469162,389195904.00
20200110,0.698,0.700,0.691,0.695,491968595,342343520.00
20200113,0.695,0.706,0.688,0.706,563970767,393615424.00
20200114,0.708,0.710,0.701,0.702,391975232,276953120.00
20200115,0.702,0.704,0.693,0.701,428613882,299332800.00
20200116,0.700,0.706,0.698,0.704,307380029,216025840.00
20200117,0.705,0.710,0.701,0.704,346300141,244306096.00
20200120,0.705,0.727,0.705,0.724,505902269,362959552.00
20200121,0.723,0.728,0.714,0.717,508216528,365815904.00
20200122,0.713,0.740,0.703,0.733,701185294,504641504.00
20200123,0.726,0.738,0.699,0.711,824150176,591812416.00
20200203,0.641,0.675,0.641,0.653,1114882840,737203584.00
20200204,0.660,0.705,0.660,0.703,970863480,669651456.00
20200205,0.712,0.740,0.707,0.725,1098587684,796015040.00
20200206,0.719,0.753,0.713,0.749,1350133431,993920128.00
20200207,0.748,0.756,0.733,0.748,1229535382,916832320.00
20200210,0.748,0.761,0.744,0.759,998521748,753946688.00
20200211,0.761,0.763,0.749,0.753,714686150,539248960.00
20200212,0.751,0.780,0.749,0.778,1358869482,1047937088.00
20200213,0.778,0.781,0.763,0.770,1085976242,838829632.00
20200214,0.768,0.785,0.761,0.769,1140646931,882106560.00
20200217,0.781,0.801,0.780,0.801,1642063723,1297838208.00
20200218,0.800,0.809,0.792,0.807,1355311096,1088106368.00
20200219,0.804,0.806,0.787,0.789,1479604664,1176612736.00
20200220,0.790,0.814,0.787,0.813,1078546646,862698688.00
20200221,0.809,0.839,0.809,0.828,1176730084,971255872.00
20200224,0.826,0.846,0.820,0.842,1160478970,968963264.00
20200225,0.826,0.859,0.805,0.854,1705402893,1426436992.00
20200226,0.838,0.847,0.806,0.811,1447599977,1194398208.00
20200227,0.820,0.832,0.801,0.814,1821465360,1486121600.00
20200228,0.785,0.800,0.765,0.768,2313320453,1807735296.00
20200302,0.782,0.799,0.770,0.791,1199253659,940997184.00
20200303,0.815,0.837,0.799,0.810,1303660463,1067381120.00
20200304,0.804,0.811,0.785,0.806,1060197110,845238144.00
20200305,0.821,0.824,0.802,0.816,1202811290,977597952.00
20200306,0.804,0.821,0.800,0.811,766130646,622484032.00
20200309,0.801,0.802,0.771,0.773,902660884,709695616.00
20200310,0.773,0.799,0.758,0.799,1107551650,864732160.00
20200311,0.800,0.803,0.778,0.779,702939323,555614464.00
20200312,0.767,0.772,0.751,0.760,833812841,634598464.00
20200313,0.728,0.767,0.715,0.757,1434495804,1067725504.00
20200316,0.755,0.757,0.705,0.708,1661736441,1213842688.00
20200317,0.722,0.730,0.685,0.712,1557700114,1101368576.00
20200318,0.721,0.735,0.697,0.699,1336293888,961184896.00
20200319,0.700,0.708,0.677,0.702,1883165271,1306342784.00
20200320,0.710,0.714,0.695,0.711,1144526972,808521664.00
20200323,0.679,0.698,0.671,0.677,1443733084,987464256.00
20200324,0.693,0.695,0.668,0.691,1181056880,808553152.00
20200325,0.708,0.720,0.707,0.719,1647100984,1176716160.00
20200326,0.712,0.724,0.709,0.718,871460895,626342720.00
20200327,0.728,0.730,0.708,0.708,961887962,689238208.00
20200330,0.699,0.700,0.679,0.692,1032137409,711250112.00
20200331,0.698,0.700,0.690,0.690,608103585,422425600.00
20200401,0.694,0.706,0.690,0.691,699766201,488359296.00
20200402,0.689,0.712,0.687,0.712,1220660892,852223872.00
20200403,0.709,0.715,0.703,0.706,656213995,465255168.00
20200407,0.722,0.731,0.719,0.730,945308574,685670080.00
20200408,0.725,0.733,0.724,0.728,553916136,403656832.00
20200409,0.734,0.744,0.731,0.737,824176507,608783232.00
20200410,0.738,0.740,0.719,0.722,648877631,472446240.00
20200413,0.717,0.719,0.709,0.715,469411319,334938304.00
20200414,0.719,0.740,0.719,0.739,686731981,501498208.00
20200415,0.741,0.748,0.736,0.738,651952925,484457312.00
20200416,0.734,0.752,0.733,0.749,621689039,463926528.00
20200417,0.758,0.766,0.752,0.756,928573615,705229696.00
20200420,0.758,0.766,0.755,0.765,451058930,343775328.00
20200421,0.761,0.762,0.745,0.758,621422667,468433408.00
20200422,0.749,0.763,0.747,0.761,524185084,395596800.00
20200423,0.764,0.766,0.754,0.758,498188073,378830016.00
20200424,0.756,0.761,0.743,0.750,1035990668,777919744.00
20200427,0.750,0.761,0.745,0.758,755628562,571537856.00
20200428,0.761,0.772,0.739,0.764,905347297,688100608.00
20200429,0.761,0.774,0.760,0.764,660850083,506784960.00
20200430,0.769,0.783,0.769,0.782,782658737,608255744.00
20200506,0.775,0.798,0.774,0.796,872415771,686031040.00
20200507,0.797,0.798,0.790,0.793,598348935,475120256.00
20200508,0.796,0.805,0.794,0.799,783727922,626760384.00
20200511,0.803,0.805,0.783,0.788,714453534,566158144.00
20200512,0.789,0.797,0.783,0.797,791173222,624227008.00
20200513,0.792,0.805,0.792,0.803,506492670,404792096.00
20200514,0.801,0.805,0.795,0.798,443241086,354416032.00
20200515,0.800,0.807,0.794,0.802,510171361,408639968.00
20200518,0.800,0.803,0.787,0.794,543386743,432591136.00
20200519,0.802,0.806,0.798,0.805,545724559,438137024.00
20200520,0.805,0.811,0.793,0.796,524052702,421121696.00
20200521,0.800,0.808,0.789,0.792,580446757,463851936.00
20200522,0.790,0.791,0.766,0.771,696119383,541009984.00
20200525,0.769,0.775,0.766,0.775,404795787,311894144.00
20200526,0.780,0.799,0.778,0.798,571616489,452048384.00
20200527,0.798,0.799,0.779,0.783,460070188,363116000.00
20200528,0.783,0.786,0.763,0.777,504758493,390729760.00
20200529,0.774,0.788,0.771,0.785,540744372,423380288.00
20200601,0.793,0.818,0.793,0.816,754511227,609360832.00
20200602,0.818,0.818,0.805,0.811,645798345,523168384.00
20200603,0.813,0.819,0.806,0.807,656451250,533608896.00
20200604,0.811,0.814,0.805,0.811,446907338,362094784.00
20200605,0.810,0.819,0.807,0.819,317927677,258812144.00
20200608,0.826,0.828,0.811,0.812,531029418,433626592.00
20200609,0.815,0.828,0.811,0.825,649221005,533163296.00
20200610,0.827,0.838,0.826,0.835,424825086,353460160.00
20200611,0.838,0.857,0.832,0.840,713758215,602381632.00
20200612,0.827,0.852,0.822,0.849,939976291,789194432.00
20200615,0.847,0.865,0.846,0.847,908257220,776818368.00
20200616,0.860,0.868,0.855,0.865,628010129,541579904.00
20200617,0.866,0.869,0.858,0.863,539132491,465317856.00
20200618,0.863,0.869,0.856,0.869,550707638,475686272.00
20200619,0.867,0.898,0.867,0.892,873999316,775546304.00
20200622,0.898,0.913,0.895,0.904,1028964929,931411264.00
20200623,0.903,0.922,0.900,0.922,1051082167,958759232.00
20200624,0.923,0.927,0.912,0.921,1828178464,1677446912.00
20200629,0.910,0.919,0.907,0.912,791154884,721580096.00
20200630,0.919,0.943,0.919,0.943,827382256,773331392.00
20200701,0.949,0.949,0.917,0.932,1336856866,1247046656.00
20200702,0.930,0.940,0.922,0.938,1225764376,1142971264.00
20200703,0.937,0.955,0.929,0.952,1169157096,1101900800.00
20200706,0.954,0.986,0.947,0.983,1232782243,1192189056.00
20200707,0.990,1.038,0.983,1.006,1452760166,1473491840.00
20200708,1.010,1.049,1.000,1.046,1051783403,1075068928.00
20200709,1.046,1.083,1.031,1.075,1479878495,1566591616.00
20200710,1.069,1.095,1.062,1.084,1414955191,1531480960.00
20200713,1.089,1.148,1.089,1.140,1937783522,2168223232.00
20200714,1.140,1.140,1.091,1.124,2666497215,2975649024.00
20200715,1.124,1.142,1.090,1.104,2325103740,2602530560.00
20200716,1.099,1.122,1.031,1.039,2639302061,2845755648.00
20200717,1.047,1.072,1.022,1.042,2459248034,2569270016.00
20200720,1.060,1.068,1.024,1.060,1989526306,2084050176.00
20200721,1.064,1.083,1.056,1.079,1586058440,1701533184.00
20200722,1.073,1.110,1.070,1.093,1542727283,1690454272.00
20200723,1.081,1.113,1.070,1.112,2114711892,2314319872.00
20200724,1.099,1.103,1.032,1.040,2564052352,2728890112.00
20200727,1.042,1.056,1.030,1.040,1495400971,1561401472.00
20200728,1.056,1.063,1.037,1.053,1191903599,1251231232.00
20200729,1.048,1.106,1.047,1.105,1742036114,1887516800.00
20200730,1.108,1.112,1.088,1.092,1442027356,1587052032.00
20200731,1.095,1.128,1.093,1.125,1632900622,1818422016.00
20200803,1.138,1.154,1.121,1.150,1626749076,1854559232.00
20200804,1.149,1.161,1.127,1.135,1669559673,1907917696.00
20200805,1.138,1.155,1.118,1.145,1560107890,1771096704.00
20200806,1.150,1.152,1.105,1.122,1805469827,2024454784.00
20200807,1.117,1.129,1.076,1.096,1905155730,2098844672.00
20200810,1.088,1.098,1.067,1.085,1220888518,1320275456.00
20200811,1.089,1.105,1.064,1.065,1268304390,1378811136.00
20200812,1.066,1.071,1.021,1.046,2100445934,2184249088.00
20200813,1.054,1.057,1.033,1.038,1024173906,1069884800.00
20200814,1.038,1.062,1.037,1.061,1517761262,1595726336.00
20200817,1.065,1.071,1.049,1.071,1395299081,1481690112.00
20200818,1.071,1.083,1.064,1.069,988248199,1059610240.00
20200819,1.068,1.069,1.027,1.028,1178696225,1230195584.00
20200820,1.019,1.038,1.015,1.023,1059738572,1085398272.00
20200821,1.033,1.046,1.030,1.043,1185763060,1234046080.00
20200824,1.053,1.071,1.020,1.060,1763805824,1854756352.00
20200825,1.060,1.088,1.060,1.070,1638965235,1758550016.00
20200826,1.070,1.077,1.041,1.043,1522399034,1611154944.00
20200827,1.051,1.073,1.043,1.068,1372904875,1456500096.00
20200828,1.063,1.097,1.060,1.093,1212076848,1307615104.00
20200831,1.097,1.102,1.078,1.080,1245782263,1358494592.00
20200901,1.074,1.088,1.067,1.088,796878657,860119232.00
20200902,1.088,1.100,1.077,1.090,984834627,1073395008.00
20200903,1.090,1.104,1.080,1.085,901787721,983831488.00
20200904,1.064,1.085,1.060,1.079,922050966,987603392.00
20200907,1.075,1.085,1.036,1.041,1077677303,1141190912.00
20200908,1.044,1.053,1.032,1.050,848522690,884807616.00
20200909,1.030,1.034,0.986,0.995,1888517158,1898911232.00
20200910,1.006,1.013,0.977,0.980,1069425012,1067354176.00
20200911,0.977,1.005,0.971,1.002,782304141,776500288.00
20200914,1.015,1.032,1.008,1.018,907664421,925672384.00
20200915,1.020,1.030,1.014,1.027,662151887,677507904.00
20200916,1.027,1.029,1.006,1.013,664793450,675216000.00
20200917,1.012,1.026,1.000,1.014,797327757,806101504.00
20200918,1.015,1.035,1.007,1.033,776479930,793109952.00
20200921,1.036,1.038,1.019,1.021,520843242,535181600.00
20200922,1.016,1.035,1.015,1.018,622938271,639364800.00
20200923,1.022,1.042,1.014,1.037,714080679,735672704.00
20200924,1.027,1.032,1.012,1.014,652345436,666221568.00
20200925,1.018,1.029,1.010,1.017,511111481,520818400.00
20200928,1.020,1.024,1.008,1.010,471972302,478490912.00
20200929,1.016,1.032,1.009,1.025,630676114,645020544.00
20200930,1.030,1.045,1.026,1.033,708717401,734301568.00
20201009,1.057,1.082,1.055,1.080,810093710,868377408.00
20201012,1.090,1.122,1.088,1.120,1190138252,1319346816.00
20201013,1.118,1.128,1.110,1.122,916744497,1025325696.00
20201014,1.120,1.128,1.113,1.117,672171483,752549760.00
20201015,1.119,1.122,1.107,1.110,611618763,679683200.00
20201016,1.107,1.115,1.089,1.101,622496383,685698112.00
20201019,1.110,1.113,1.085,1.089,697846520,766297728.00
20201020,1.089,1.114,1.086,1.113,804794840,886093632.00
20201021,1.115,1.116,1.090,1.098,744069353,819435968.00
20201022,1.090,1.091,1.073,1.085,657264947,711958464.00
20201023,1.085,1.097,1.047,1.055,1119191098,1194558208.00
20201026,1.047,1.064,1.030,1.058,1017885414,1069409728.00
20201027,1.056,1.076,1.056,1.075,774580879,827413440.00
20201028,1.070,1.092,1.065,1.085,807335409,871710912.00
20201029,1.071,1.107,1.070,1.101,832502832,908076352.00
20201030,1.101,1.107,1.080,1.084,779795176,851693568.00
20201102,1.090,1.115,1.088,1.109,767501505,846077760.00
20201103,1.114,1.128,1.104,1.123,766499900,856517440.00
20201104,1.123,1.133,1.118,1.128,702397128,791341248.00
20201105,1.143,1.150,1.127,1.147,778491632,889019584.00
20201106,1.149,1.151,1.114,1.126,851926441,960333952.00
20201109,1.135,1.174,1.134,1.164,1058798354,1225873664.00
20201110,1.163,1.163,1.139,1.145,897678773,1031694080.00
20201111,1.137,1.143,1.105,1.107,920476401,1029710464.00
20201112,1.112,1.122,1.107,1.113,672257669,749036032.00
20201113,1.107,1.120,1.104,1.114,648882725,721258496.00
20201116,1.119,1.119,1.100,1.118,633367785,704172736.00
20201117,1.117,1.117,1.076,1.092,1101669632,1200348544.00
20201118,1.092,1.100,1.070,1.072,1223722894,1319223296.00
20201119,1.067,1.083,1.061,1.082,1011696102,1087053952.00
20201120,1.080,1.096,1.080,1.090,803676979,875571584.00
20201123,1.093,1.112,1.085,1.102,949494009,1045046784.00
20201124,1.103,1.110,1.093,1.097,467134065,513024384.00
20201125,1.098,1.100,1.071,1.073,759165611,820881024.00
20201126,1.073,1.078,1.056,1.069,773663759,824017152.00
20201127,1.069,1.080,1.060,1.073,699802864,748510400.00
20201130,1.077,1.090,1.063,1.081,978081496,1056961088.00
20201201,1.079,1.110,1.077,1.109,1051285467,1155093248.00
20201202,1.113,1.114,1.092,1.102,861739398,947247552.00
20201203,1.096,1.117,1.094,1.112,795311085,880379712.00
20201204,1.107,1.123,1.104,1.121,599632685,668314624.00
20201207,1.115,1.123,1.111,1.114,526083245,587401664.00
20201208,1.117,1.131,1.117,1.126,632939464,713046464.00
20201209,1.127,1.136,1.103,1.104,753507329,844226496.00
20201210,1.100,1.124,1.097,1.116,520179486,578411008.00
20201211,1.118,1.123,1.096,1.106,551925277,611650112.00
20201214,1.110,1.121,1.100,1.120,513082871,571294208.00
20201215,1.120,1.141,1.118,1.139,694871901,785638208.00
20201216,1.140,1.145,1.127,1.140,554583754,630834944.00
20201217,1.138,1.155,1.132,1.154,529856899,607431296.00
20201218,1.151,1.165,1.146,1.158,490451489,567048000.00
20201221,1.158,1.200,1.156,1.199,785347360,930219968.00
20201222,1.193,1.209,1.172,1.175,794236069,946051968.00
20201223,1.176,1.199,1.171,1.187,778861922,921838336.00
20201224,1.183,1.189,1.173,1.179,528994730,624499008.00
20201225,1.175,1.192,1.169,1.192,668317070,790106944.00
20201228,1.192,1.201,1.182,1.187,528221679,629252800.00
20201229,1.185,1.192,1.165,1.173,575313343,677062848.00
20201230,1.180,1.221,1.179,1.216,873102459,1052985664.00
20201231,1.222,1.250,1.221,1.247,680900000,843703424.00
20210104,1.246,1.305,1.246,1.293,710111417,911340352.00
20210105,1.284,1.302,1.265,1.297,814733858,1049555776.00
20210106,1.306,1.321,1.283,1.310,678474963,883417600.00
20210107,1.310,1.336,1.300,1.336,718546767,946811328.00
20210108,1.345,1.353,1.313,1.328,930235775,1234316672.00
20210111,1.335,1.337,1.293,1.306,976377813,1285178496.00
20210112,1.299,1.352,1.290,1.350,754800232,998281472.00
20210113,1.348,1.368,1.318,1.332,835678866,1121685504.00
20210114,1.318,1.337,1.299,1.309,756524628,996607168.00
20210115,1.305,1.323,1.279,1.314,785197700,1024111808.00
20210118,1.306,1.350,1.297,1.342,674695297,898808192.00
20210119,1.340,1.345,1.303,1.309,774398581,1024773504.00
20210120,1.319,1.368,1.315,1.368,956220370,1291430016.00
20210121,1.369,1.412,1.367,1.404,716419018,996272448.00
20210122,1.400,1.441,1.398,1.433,847011486,1201074048.00
20210125,1.435,1.467,1.419,1.430,812472252,1169288704.00
20210126,1.420,1.422,1.383,1.386,874400286,1222410752.00
20210127,1.389,1.408,1.357,1.404,934658903,1295687168.00
20210128,1.377,1.384,1.346,1.352,1086671361,1481183744.00
20210129,1.364,1.372,1.300,1.330,1165838884,1562081920.00
20210201,1.330,1.358,1.326,1.347,882131145,1184881664.00
20210202,1.351,1.382,1.331,1.379,974133283,1328538752.00
20210203,1.388,1.404,1.378,1.382,911680920,1267829632.00
20210204,1.373,1.395,1.357,1.378,875857299,1205413888.00
20210205,1.387,1.400,1.372,1.377,816434996,1133123328.00
20210208,1.378,1.418,1.359,1.417,1081342279,1512506496.00
20210209,1.422,1.445,1.414,1.442,815629081,1167321216.00
20210210,1.447,1.487,1.432,1.476,892228611,1305445376.00
20210218,1.506,1.509,1.420,1.428,1521650209,2205973760.00
20210219,1.416,1.424,1.369,1.406,1418333814,1977148800.00
20210222,1.404,1.406,1.338,1.342,1627657341,2225998848.00
20210223,1.328,1.353,1.321,1.334,1055390997,1408019328.00
20210224,1.335,1.337,1.265,1.284,2263017216,2930949888.00
20210225,1.295,1.299,1.262,1.269,1495605345,1915234432.00
20210226,1.242,1.261,1.226,1.241,1785915760,2218113280.00
20210301,1.258,1.282,1.250,1.282,1577925075,1998757504.00
20210302,1.289,1.293,1.252,1.263,1322748410,1683925888.00
20210303,1.257,1.280,1.250,1.280,1026809969,1300597376.00
20210304,1.261,1.263,1.201,1.206,2326434753,2844866304.00
20210305,1.186,1.227,1.181,1.214,1699522240,2053140480.00
20210308,1.222,1.231,1.148,1.151,2086748364,2476773888.00
20210309,1.147,1.156,1.098,1.110,2475876659,2788892928.00
20210310,1.138,1.152,1.127,1.135,2154971495,2458194688.00
20210311,1.134,1.179,1.134,1.169,1664204489,1935924224.00
20210312,1.178,1.182,1.156,1.178,1153711333,1352089984.00
20210315,1.169,1.170,1.107,1.121,1724112211,1948336512.00
20210316,1.128,1.136,1.112,1.131,945693558,1065844736.00
20210317,1.122,1.152,1.112,1.144,1048359817,1193455360.00
20210318,1.153,1.173,1.149,1.166,1006715872,1171709568.00
20210319,1.139,1.155,1.119,1.128,1022298583,1159570560.00
20210322,1.130,1.155,1.123,1.140,962589309,1096087552.00
20210323,1.134,1.142,1.111,1.125,949838598,1066988864.00
20210324,1.120,1.130,1.104,1.110,982796023,1094139648.00
20210325,1.099,1.122,1.092,1.116,1013464881,1123464192.00
20210326,1.122,1.160,1.119,1.158,1847818060,2116806144.00
20210329,1.156,1.166,1.142,1.150,1121661835,1295588736.00
20210330,1.143,1.172,1.143,1.168,846792645,984826432.00
20210331,1.166,1.173,1.152,1.166,723860966,840953984.00
20210401,1.168,1.192,1.166,1.189,830182819,981614592.00
20210402,1.194,1.214,1.190,1.207,924662036,1112810624.00
20210406,1.210,1.216,1.187,1.197,697068586,835694464.00
20210407,1.202,1.202,1.168,1.185,801577505,945236352.00
20210408,1.176,1.197,1.172,1.192,533836845,634772992.00
20210409,1.190,1.192,1.166,1.172,623229009,731491136.00
20210412,1.170,1.186,1.139,1.144,894017334,1034741696.00
20210413,1.139,1.174,1.139,1.157,902175298,1045730432.00
20210414,1.158,1.190,1.158,1.187,850609211,1003532544.00
20210415,1.180,1.183,1.166,1.183,738461851,868041792.00
20210416,1.187,1.188,1.157,1.175,775362200,908416320.00
20210419,1.172,1.233,1.167,1.232,1210043745,1463382400.00
20210420,1.225,1.240,1.215,1.226,832685596,1023297088.00
20210421,1.214,1.240,1.214,1.237,731511382,898739456.00
20210422,1.247,1.255,1.231,1.248,684462993,852163008.00
20210423,1.244,1.286,1.244,1.280,787581854,1001716224.00
20210426,1.290,1.312,1.265,1.267,978685663,1262282112.00
20210427,1.264,1.280,1.260,1.278,659154076,838176960.00
20210428,1.278,1.314,1.277,1.312,786323316,1022997568.00
20210429,1.313,1.321,1.294,1.315,988403418,1296887168.00
20210430,1.306,1.345,1.302,1.336,818666876,1088049792.00
20210506,1.325,1.325,1.274,1.298,1350112494,1751759744.00
20210507,1.299,1.307,1.250,1.251,905779614,1156182528.00
20210510,1.255,1.276,1.246,1.263,1175611099,1477991424.00
20210511,1.248,1.262,1.227,1.257,1093812897,1361940608.00
20210512,1.251,1.275,1.238,1.271,819840935,1030560064.00
20210513,1.254,1.275,1.250,1.265,755385444,953486080.00
20210514,1.270,1.310,1.264,1.306,870069076,1125769728.00
20210517,1.314,1.355,1.312,1.346,969260134,1301324800.00
20210518,1.345,1.358,1.326,1.337,731501320,978590720.00
20210519,1.331,1.358,1.329,1.350,673186689,907054400.00
20210520,1.350,1.368,1.346,1.360,688657872,934589632.00
20210521,1.369,1.373,1.335,1.346,721615036,974489856.00
20210524,1.348,1.360,1.330,1.359,627772936,847251136.00
20210525,1.366,1.401,1.362,1.398,1010754685,1402753920.00
20210526,1.397,1.398,1.376,1.385,659986917,914274240.00
20210527,1.382,1.403,1.371,1.396,565385180,785270656.00
20210528,1.395,1.430,1.394,1.403,972028234,1372150272.00
20210531,1.408,1.446,1.408,1.443,723115189,1035910848.00
20210601,1.435,1.442,1.411,1.439,643360309,920430976.00
20210602,1.441,1.445,1.403,1.408,744331379,1056368064.00
20210603,1.409,1.417,1.389,1.391,612742190,859171520.00
20210604,1.384,1.430,1.381,1.410,683899993,962850752.00
20210607,1.408,1.408,1.385,1.400,640869906,894117888.00
20210608,1.399,1.423,1.379,1.388,777319200,1088903808.00
20210609,1.385,1.397,1.377,1.389,540467837,749670144.00
20210610,1.389,1.437,1.389,1.429,813354381,1157508096.00
20210611,1.436,1.447,1.419,1.439,690703451,991684032.00
20210615,1.438,1.442,1.410,1.422,482671709,687670144.00
20210616,1.418,1.422,1.357,1.357,1081266663,1490900224.00
20210617,1.353,1.391,1.353,1.390,737993674,1016180352.00
20210618,1.393,1.426,1.393,1.418,775089889,1094658176.00
20210621,1.415,1.440,1.400,1.429,617876262,879868096.00
20210622,1.431,1.442,1.406,1.436,685565013,976960448.00
20210623,1.438,1.466,1.429,1.454,728520493,1057370880.00
20210624,1.457,1.459,1.427,1.434,590985402,849128768.00
20210625,1.439,1.475,1.437,1.469,1040739399,1521288448.00
20210628,1.471,1.509,1.467,1.503,1155428424,1731373568.00
20210629,1.518,1.521,1.494,1.503,635600053,957872896.00
20210630,1.506,1.543,1.493,1.540,677571978,1034307200.00
20210701,1.540,1.552,1.516,1.527,949827148,1458510848.00
20210702,1.520,1.520,1.475,1.476,1025900603,1532406656.00
20210705,1.471,1.503,1.469,1.485,624644778,926780800.00
20210706,1.490,1.497,1.433,1.458,1029843593,1501692032.00
20210707,1.447,1.520,1.442,1.517,901492955,1345487360.00
20210708,1.526,1.547,1.517,1.523,722089275,1106875264.00
20210709,1.514,1.527,1.481,1.516,758463301,1143082112.00
20210712,1.537,1.584,1.525,1.575,862280749,1347079680.00
20210713,1.568,1.585,1.541,1.558,707560291,1103566592.00
20210714,1.552,1.573,1.530,1.547,694120327,1079470336.00
20210715,1.541,1.573,1.530,1.573,714166462,1110088320.00
20210716,1.570,1.570,1.518,1.521,663711855,1022726272.00
20210719,1.521,1.548,1.514,1.529,472598600,722552640.00
20210720,1.517,1.549,1.516,1.536,518019632,794389376.00
20210721,1.541,1.594,1.541,1.585,931797131,1467632256.00
20210722,1.593,1.597,1.565,1.582,705834876,1113239808.00
20210723,1.576,1.579,1.540,1.545,722754217,1122190208.00
20210726,1.533,1.541,1.456,1.491,1229843856,1842548864.00
20210727,1.491,1.518,1.428,1.430,1169980787,1727975808.00
20210728,1.415,1.465,1.393,1.453,1572027751,2262522368.00
20210729,1.495,1.545,1.475,1.542,1298194793,1961913344.00
20210730,1.537,1.549,1.510,1.528,694635147,1061426048.00
20210802,1.530,1.550,1.502,1.543,1165799011,1783788672.00
20210803,1.542,1.554,1.522,1.533,672306622,1031717824.00
20210804,1.528,1.580,1.520,1.577,706493388,1100797696.00
20210805,1.572,1.582,1.545,1.563,620548792,970293568.00
20210806,1.568,1.576,1.539,1.550,717501210,1114889728.00
20210809,1.534,1.534,1.501,1.527,977822426,1482764800.00
20210810,1.524,1.530,1.503,1.526,802993034,1216551680.00
20210811,1.525,1.529,1.505,1.513,469945608,712748480.00
20210812,1.504,1.512,1.483,1.490,555718531,830391296.00
20210813,1.475,1.513,1.461,1.469,565335970,838554112.00
20210816,1.463,1.467,1.437,1.445,502867000,729043584.00
20210817,1.445,1.456,1.406,1.413,709505700,1015124928.00
20210818,1.416,1.434,1.410,1.424,562609221,800000512.00
20210819,1.423,1.449,1.415,1.436,743145708,1065900736.00
20210820,1.427,1.428,1.376,1.394,828397144,1157407360.00
20210823,1.398,1.440,1.394,1.439,757099935,1077080832.00
20210824,1.441,1.470,1.430,1.458,692471705,1008109632.00
20210825,1.456,1.469,1.441,1.469,532126292,774192448.00
20210826,1.475,1.481,1.429,1.434,531544731,769818176.00
20210827,1.427,1.447,1.420,1.429,406547983,582058240.00
20210830,1.435,1.456,1.422,1.431,530067835,762548544.00
20210831,1.434,1.436,1.391,1.410,616501025,867635904.00
20210901,1.412,1.417,1.371,1.399,602880243,839602240.00
20210902,1.396,1.407,1.375,1.379,544073214,754759936.00
20210903,1.380,1.391,1.353,1.361,591863115,811433280.00
20210906,1.363,1.424,1.353,1.424,888683750,1242442112.00
20210907,1.418,1.437,1.409,1.437,486665704,693283072.00
20210908,1.436,1.451,1.419,1.421,460694568,659963968.00
20210909,1.420,1.435,1.401,1.426,549329534,778664768.00
20210910,1.423,1.433,1.406,1.432,433419643,616584000.00
20210913,1.425,1.445,1.407,1.414,408171690,578947840.00
20210914,1.414,1.455,1.413,1.436,602421518,867467328.00
20210915,1.434,1.436,1.410,1.417,444189727,630304192.00
20210916,1.415,1.419,1.382,1.387,502009750,701195584.00
20210917,1.382,1.420,1.380,1.416,489762668,686096320.00
20210922,1.396,1.419,1.395,1.405,370519899,520730880.00
20210923,1.414,1.424,1.400,1.410,408139969,575925504.00
20210924,1.407,1.440,1.401,1.419,528464678,751116864.00
20210927,1.424,1.452,1.419,1.433,683508761,983669568.00
20210928,1.428,1.451,1.416,1.420,432350927,618606912.00
20210929,1.403,1.422,1.400,1.403,498138425,702062720.00
20210930,1.408,1.444,1.408,1.440,616585199,882452800.00
20211008,1.450,1.456,1.424,1.436,550838987,793002688.00
20211011,1.434,1.440,1.407,1.410,509850605,725524480.00
20211012,1.410,1.412,1.367,1.382,736432968,1023231424.00
20211013,1.381,1.416,1.378,1.416,618930778,866692992.00
20211014,1.410,1.426,1.410,1.415,430541489,610993600.00
20211015,1.412,1.453,1.401,1.450,704634914,1013258816.00
20211018,1.453,1.454,1.428,1.454,560386865,808762048.00
20211019,1.459,1.472,1.451,1.462,413955243,605404160.00
20211020,1.460,1.474,1.450,1.455,385325317,562984128.00
20211021,1.454,1.465,1.443,1.453,350118651,508829120.00
20211022,1.459,1.469,1.449,1.462,334501623,488438880.00
20211025,1.458,1.490,1.458,1.485,632672750,937240448.00
20211026,1.499,1.503,1.478,1.483,544909665,812108032.00
20211027,1.478,1.482,1.463,1.476,390021180,574461312.00
20211028,1.474,1.495,1.460,1.466,695332459,1025294144.00
20211029,1.467,1.505,1.451,1.505,546112113,808068288.00
20211101,1.495,1.511,1.473,1.489,505237853,753754752.00
20211102,1.489,1.506,1.475,1.490,526909090,787142656.00
20211103,1.483,1.502,1.467,1.481,451847400,670956480.00
20211104,1.489,1.506,1.487,1.496,409411269,612461184.00
20211105,1.491,1.507,1.489,1.496,371106844,556302144.00
20211108,1.490,1.518,1.489,1.512,363308589,547109248.00
20211109,1.514,1.524,1.506,1.524,434401414,658019712.00
20211110,1.512,1.524,1.487,1.524,555656444,836864320.00
20211111,1.514,1.540,1.514,1.535,372672708,570815424.00
20211112,1.534,1.541,1.519,1.529,262372020,400760224.00
20211115,1.528,1.529,1.505,1.512,372208700,563851904.00
数据来源:通达信
